nome,email,cidade,profissao,idade,cpf
Igor Santos Castro,igor.santos.castro.21001@example.com,Santos,Gerente financeiro,41,01647162502
Otávio Fernandes Barros,otavio.fernandes.barros.21002@example.com,Vitória,Advogado,37,75643297008
Tatiane Mendes Mendes,tatiane.mendes.mendes.21003@example.com,Niterói,Estoquista,36,73665294809
Rafael Carvalho Barbosa,rafael.carvalho.barbosa.21004@example.com,Londrina,Assistente administrativo,54,62450465319
Gustavo Oliveira Moreira,gustavo.oliveira.moreira.21005@example.com,Manaus,Coordenador de produção,55,05521981660
Vinícius Moreira Teixeira,vinicius.moreira.teixeira.21006@example.com,Natal,Fisioterapeuta,63,09883940357
Vitória Carvalho Mendes,vitoria.carvalho.mendes.21007@example.com,Sorocaba,Estoquista,69,70465871955
Nicolas Freitas Monteiro,nicolas.freitas.monteiro.21008@example.com,Belo Horizonte,Vendedor,38,17496796901
Fernanda Costa Almeida,fernanda.costa.almeida.21009@example.com,Campo Grande,Estoquista,23,55326330403
Gustavo Barros Rocha,gustavo.barros.rocha.21010@example.com,Rio de Janeiro,Líder de equipe,68,70373089820
Rafael Silva Teixeira,rafael.silva.teixeira.21011@example.com,Uberlândia,Fisioterapeuta,42,59483989267
Priscila Lima Teixeira,priscila.lima.teixeira.21012@example.com,Campinas,Padeiro,56,26678077522
Marcelo Barros Almeida,marcelo.barros.almeida.21013@example.com,Curitiba,Coordenador administrativo,49,27517246581
Ana Almeida Nascimento,ana.almeida.nascimento.21014@example.com,Campinas,Motorista,50,23337812684
Fernanda Alves Barbosa,fernanda.alves.barbosa.21015@example.com,Natal,Corretor de imóveis,65,85939405928
Renata Cardoso Alves,renata.cardoso.alves.21016@example.com,São Paulo,Atendente,41,12373580384
Simone Gomes Mendes,simone.gomes.mendes.21017@example.com,Santos,Estoquista,33,48735265153
Pedro Martins Santos,pedro.martins.santos.21018@example.com,Manaus,Gerente comercial,57,05282942405
Beatriz Santos Gomes,beatriz.santos.gomes.21019@example.com,São Paulo,Supervisor de qualidade,28,91202459975
Eduardo Barros Lima,eduardo.barros.lima.21020@example.com,Caxias do Sul,Analista de recursos humanos,38,09474971240
Vanessa Martins Lima,vanessa.martins.lima.21021@example.com,Belo Horizonte,Eletricista,44,52397658691
Juliana Souza Monteiro,juliana.souza.monteiro.21022@example.com,Fortaleza,Coordenador de marketing,40,11070344713
Leonardo Rocha Dias,leonardo.rocha.dias.21023@example.com,Santos,Jornalista,21,22064299870
Gustavo Almeida Martins,gustavo.almeida.martins.21024@example.com,Vitória,Auxiliar de produção,57,43463970777
Luana Monteiro Dias,luana.monteiro.dias.21025@example.com,Manaus,Supervisor de qualidade,57,33750057171
Igor Teixeira Carvalho,igor.teixeira.carvalho.21026@example.com,Porto Alegre,Estoquista,42,56721327599
Sandra Alves Freitas,sandra.alves.freitas.21027@example.com,Porto Alegre,Atendente,42,92699168662
Amanda Rodrigues Freitas,amanda.rodrigues.freitas.21028@example.com,Belém,Contador,18,44206687126
Ricardo Alves Alves,ricardo.alves.alves.21029@example.com,Dourados,Mecânico,50,39740759538
Leonardo Teixeira Almeida,leonardo.teixeira.almeida.21030@example.com,Florianópolis,Coordenador administrativo,24,96437853082
Mariana Rodrigues Souza,mariana.rodrigues.souza.21031@example.com,Uberlândia,Analista de marketing,43,16498164608
Igor Martins Santos,igor.martins.santos.21032@example.com,Sorocaba,Analista financeiro,33,15176556207
João Castro Costa,joao.castro.costa.21033@example.com,Manaus,Supervisor de vendas,58,43700154831
Felipe Silva Araújo,felipe.silva.araujo.21034@example.com,Londrina,Gerente de recursos humanos,69,90872718573
Juliana Fernandes Alves,juliana.fernandes.alves.21035@example.com,Brasília,Eletricista,56,24849948870
Sandra Santos Teixeira,sandra.santos.teixeira.21036@example.com,Santos,Líder de equipe,20,89824693869
Gustavo Almeida Mendes,gustavo.almeida.mendes.21037@example.com,Florianópolis,Técnico de segurança do trabalho,57,49924594477
Lucas Ribeiro Costa,lucas.ribeiro.costa.21038@example.com,Florianópolis,Técnico de segurança do trabalho,35,24096052172
Henrique Araújo Castro,henrique.araujo.castro.21039@example.com,Belém,Gerente de operações,70,94634113813
Ricardo Mendes Fernandes,ricardo.mendes.fernandes.21040@example.com,Campinas,Gerente de tecnologia,48,30084337281
Camila Freitas Dias,camila.freitas.dias.21041@example.com,Niterói,Recepcionista,51,85626860444
Ana Lima Souza,ana.lima.souza.21042@example.com,Belém,Supervisor de qualidade,48,35993719183
Eduardo Moreira Moreira,eduardo.moreira.moreira.21043@example.com,Joinville,Gerente de operações,54,42170366162
Patrícia Castro Lima,patricia.castro.lima.21044@example.com,Joinville,Supervisor de manutenção,59,80166986438
Tatiane Alves Pereira,tatiane.alves.pereira.21045@example.com,Belo Horizonte,Líder de equipe,42,29540642061
Otávio Rodrigues Carvalho,otavio.rodrigues.carvalho.21046@example.com,Fortaleza,Diretor de operações,21,04678884074
Camila Martins Freitas,camila.martins.freitas.21047@example.com,Campinas,Nutricionista,35,15547507940
Tatiane Santos Barros,tatiane.santos.barros.21048@example.com,Natal,Advogado,38,89282071021
Ricardo Rocha Fernandes,ricardo.rocha.fernandes.21049@example.com,Londrina,Líder de equipe,53,97573052636
Ricardo Cardoso Carvalho,ricardo.cardoso.carvalho.21050@example.com,Niterói,Analista financeiro,60,56704798699
Tatiane Freitas Fernandes,tatiane.freitas.fernandes.21051@example.com,Rondonópolis,Gerente financeiro,52,18529381478
Priscila Freitas Almeida,priscila.freitas.almeida.21052@example.com,Caxias do Sul,Chefe de compras,34,02664450561
João Gomes Almeida,joao.gomes.almeida.21053@example.com,Goiânia,Analista financeiro,44,12836021881
Luana Monteiro Barbosa,luana.monteiro.barbosa.21054@example.com,Brasília,Chefe de departamento pessoal,42,55303082985
Daniela Lima Costa,daniela.lima.costa.21055@example.com,Niterói,Motorista,32,91852235995
Carlos Pereira Castro,carlos.pereira.castro.21056@example.com,Natal,Gerente de tecnologia,53,99837432205
Carlos Alves Carvalho,carlos.alves.carvalho.21057@example.com,Brasília,Chefe de departamento pessoal,26,01960503825
Tatiane Rocha Freitas,tatiane.rocha.freitas.21058@example.com,Londrina,Supervisor de qualidade,35,13490275670
Vitória Castro Alves,vitoria.castro.alves.21059@example.com,Fortaleza,Chefe de almoxarifado,31,91869692621
Igor Dias Araújo,igor.dias.araujo.21060@example.com,Natal,Gerente de operações,19,69432199297
Renata Costa Araújo,renata.costa.araujo.21061@example.com,Belo Horizonte,Nutricionista,66,45036871327
Henrique Lima Dias,henrique.lima.dias.21062@example.com,Campinas,Farmacêutico,54,50095512223
Eduardo Barros Barbosa,eduardo.barros.barbosa.21063@example.com,Dourados,Jornalista,52,59994928810
Luana Teixeira Barros,luana.teixeira.barros.21064@example.com,Florianópolis,Supervisor de manutenção,66,10140203259
Carlos Oliveira Rocha,carlos.oliveira.rocha.21065@example.com,Belém,Técnico de enfermagem,47,81730695570
Sérgio Barbosa Carvalho,sergio.barbosa.carvalho.21066@example.com,Rio de Janeiro,Enfermeiro,68,93382874958
Vanessa Ribeiro Teixeira,vanessa.ribeiro.teixeira.21067@example.com,Recife,Supervisor de manutenção,65,03931792961
Pedro Carvalho Souza,pedro.carvalho.souza.21068@example.com,Maringá,Comprador,52,33743158649
Mariana Rocha Moreira,mariana.rocha.moreira.21069@example.com,Rio de Janeiro,Engenheiro civil,21,09778992588
Ricardo Carvalho Martins,ricardo.carvalho.martins.21070@example.com,Florianópolis,Supervisor de qualidade,28,78993414859
Otávio Silva Silva,otavio.silva.silva.21071@example.com,Caxias do Sul,Comprador,37,77610007987
Larissa Oliveira Cardoso,larissa.oliveira.cardoso.21072@example.com,Salvador,Advogado,70,97290102340
Igor Souza Araújo,igor.souza.araujo.21073@example.com,Maringá,Estoquista,31,94465925982
Vitória Moreira Cardoso,vitoria.moreira.cardoso.21074@example.com,Natal,Motorista,52,74026589494
João Freitas Castro,joao.freitas.castro.21075@example.com,Uberlândia,Coordenador de logística,41,98596873893
Luana Oliveira Martins,luana.oliveira.martins.21076@example.com,Rondonópolis,Analista de marketing,54,46946219194
Bruno Ribeiro Costa,bruno.ribeiro.costa.21077@example.com,Londrina,Nutricionista,26,39650782050
Vitória Silva Moreira,vitoria.silva.moreira.21078@example.com,Porto Alegre,Gerente de operações,23,05927733560
Mariana Silva Rodrigues,mariana.silva.rodrigues.21079@example.com,Joinville,Analista financeiro,36,67916518391
Aline Barros Santos,aline.barros.santos.21080@example.com,Londrina,Supervisor de atendimento,64,51384603482
Thiago Freitas Martins,thiago.freitas.martins.21081@example.com,Natal,Estoquista,68,97395319420
Vitória Freitas Pereira,vitoria.freitas.pereira.21082@example.com,Recife,Corretor de imóveis,25,96694784311
José Moreira Fernandes,jose.moreira.fernandes.21083@example.com,Recife,Recepcionista,59,40112038037
Vinícius Barros Santos,vinicius.barros.santos.21084@example.com,Rio de Janeiro,Recepcionista,54,97742374773
Daniela Araújo Alves,daniela.araujo.alves.21085@example.com,Florianópolis,Encarregado de produção,34,83013826948
Fernanda Oliveira Ribeiro,fernanda.oliveira.ribeiro.21086@example.com,Florianópolis,Contador,54,38536640474
Débora Mendes Souza,debora.mendes.souza.21087@example.com,Maringá,Coordenador administrativo,18,60997023926
Amanda Mendes Gomes,amanda.mendes.gomes.21088@example.com,Fortaleza,Coordenador administrativo,67,60375130299
Ana Barbosa Cardoso,ana.barbosa.cardoso.21089@example.com,Joinville,Diretor comercial,53,90841262604
Otávio Martins Araújo,otavio.martins.araujo.21090@example.com,Brasília,Chefe de compras,30,80060936183
Vanessa Araújo Lima,vanessa.araujo.lima.21091@example.com,Londrina,Gerente de recursos humanos,42,51198672177
Sérgio Freitas Silva,sergio.freitas.silva.21092@example.com,Niterói,Comprador,37,24186032527
Beatriz Dias Freitas,beatriz.dias.freitas.21093@example.com,Londrina,Chefe de compras,48,53691064211
Luana Almeida Freitas,luana.almeida.freitas.21094@example.com,Campo Grande,Designer gráfico,63,94852684598
Sérgio Souza Oliveira,sergio.souza.oliveira.21095@example.com,Brasília,Pedreiro,62,50499902771
Renata Dias Alves,renata.dias.alves.21096@example.com,Florianópolis,Encarregado de produção,32,51235103843
Ricardo Barbosa Silva,ricardo.barbosa.silva.21097@example.com,Campo Grande,Assistente administrativo,23,32576106519
Leonardo Freitas Moreira,leonardo.freitas.moreira.21098@example.com,Campinas,Comprador,48,01051174607
Ricardo Martins Silva,ricardo.martins.silva.21099@example.com,Fortaleza,Designer gráfico,40,84913449946
Diego Moreira Rodrigues,diego.moreira.rodrigues.21100@example.com,Campo Grande,Coordenador de logística,36,01903927102
Aline Rodrigues Souza,aline.rodrigues.souza.21101@example.com,Belém,Arquiteto,45,76115065046
Marcelo Moreira Ribeiro,marcelo.moreira.ribeiro.21102@example.com,Belém,Diretor de operações,49,64393928112
Vinícius Cardoso Rocha,vinicius.cardoso.rocha.21103@example.com,Recife,Eletricista,26,03193345805
Larissa Monteiro Silva,larissa.monteiro.silva.21104@example.com,Porto Alegre,Jornalista,34,85811839749
Pedro Teixeira Lima,pedro.teixeira.lima.21105@example.com,Goiânia,Corretor de imóveis,39,89053198862
Ricardo Pereira Santos,ricardo.pereira.santos.21106@example.com,Curitiba,Corretor de imóveis,52,40911790126
Gabriela Silva Moreira,gabriela.silva.moreira.21107@example.com,Belém,Eletricista,28,46498862938
Carolina Fernandes Alves,carolina.fernandes.alves.21108@example.com,Curitiba,Chefe de almoxarifado,27,87872736705
Beatriz Nascimento Carvalho,beatriz.nascimento.carvalho.21109@example.com,Santos,Gerente de tecnologia,20,23352165697
Henrique Santos Gomes,henrique.santos.gomes.21110@example.com,Goiânia,Fisioterapeuta,63,11201440702
Gabriel Pereira Nascimento,gabriel.pereira.nascimento.21111@example.com,Maringá,Fisioterapeuta,22,86825928187
Camila Barbosa Martins,camila.barbosa.martins.21112@example.com,Manaus,Gerente financeiro,54,27112827093
Igor Monteiro Teixeira,igor.monteiro.teixeira.21113@example.com,Sorocaba,Motorista,19,45044625869
Aline Almeida Carvalho,aline.almeida.carvalho.21114@example.com,Fortaleza,Supervisor de atendimento,63,42054784211
Aline Barros Gomes,aline.barros.gomes.21115@example.com,Dourados,Chefe de compras,68,56496664658
Tatiane Cardoso Alves,tatiane.cardoso.alves.21116@example.com,Maringá,Recepcionista,66,14710213548
José Castro Lima,jose.castro.lima.21117@example.com,Sorocaba,Supervisor de qualidade,60,85006621065
Larissa Carvalho Cardoso,larissa.carvalho.cardoso.21118@example.com,Manaus,Pedreiro,67,74532739210
Leonardo Barbosa Oliveira,leonardo.barbosa.oliveira.21119@example.com,Manaus,Analista de recursos humanos,70,94233212008
Ana Cardoso Oliveira,ana.cardoso.oliveira.21120@example.com,Rio de Janeiro,Jornalista,30,75878339464
Débora Gomes Silva,debora.gomes.silva.21121@example.com,Campo Grande,Gerente de recursos humanos,51,26024676197
Luana Monteiro Santos,luana.monteiro.santos.21122@example.com,Natal,Assistente administrativo,18,23181819179
Daniela Rocha Lima,daniela.rocha.lima.21123@example.com,Dourados,Técnico em informática,43,91290662176
Daniela Mendes Souza,daniela.mendes.souza.21124@example.com,Joinville,Supervisor de manutenção,48,24603103597
Beatriz Martins Souza,beatriz.martins.souza.21125@example.com,Sorocaba,Gerente de recursos humanos,57,12948658653
Ana Alves Fernandes,ana.alves.fernandes.21126@example.com,Maringá,Vendedor,19,97063646724
Débora Rocha Costa,debora.rocha.costa.21127@example.com,Joinville,Assistente comercial,70,52871931818
Eduardo Santos Cardoso,eduardo.santos.cardoso.21128@example.com,Manaus,Corretor de imóveis,35,99757519892
Juliana Monteiro Gomes,juliana.monteiro.gomes.21129@example.com,Uberlândia,Engenheiro civil,55,95428318260
Fernanda Mendes Dias,fernanda.mendes.dias.21130@example.com,Cuiabá,Recepcionista,48,47445599206
Camila Souza Alves,camila.souza.alves.21131@example.com,Recife,Comprador,47,53652212647
Tatiane Cardoso Alves,tatiane.cardoso.alves.21132@example.com,Joinville,Encarregado de produção,42,56645685567
Henrique Castro Lima,henrique.castro.lima.21133@example.com,Belo Horizonte,Advogado,48,55293173838
João Mendes Oliveira,joao.mendes.oliveira.21134@example.com,Londrina,Chefe de almoxarifado,45,71323151247
Carolina Gomes Moreira,carolina.gomes.moreira.21135@example.com,Campinas,Líder de equipe,36,40986713244
Marcelo Alves Almeida,marcelo.alves.almeida.21136@example.com,Belém,Cozinheiro,70,78761481575
Vitória Moreira Alves,vitoria.moreira.alves.21137@example.com,Florianópolis,Diretor comercial,33,84966246281
Fernanda Castro Rocha,fernanda.castro.rocha.21138@example.com,Cuiabá,Motorista,24,13197938437
Felipe Alves Teixeira,felipe.alves.teixeira.21139@example.com,Brasília,Encarregado de produção,23,77347417644
Igor Fernandes Fernandes,igor.fernandes.fernandes.21140@example.com,Recife,Supervisor de qualidade,47,01561488189
Vitória Pereira Castro,vitoria.pereira.castro.21141@example.com,Belém,Supervisor de qualidade,51,61874255400
Thiago Pereira Cardoso,thiago.pereira.cardoso.21142@example.com,Belém,Pedreiro,58,17732300451
Diego Freitas Castro,diego.freitas.castro.21143@example.com,Belo Horizonte,Analista financeiro,69,83374357663
Camila Silva Cardoso,camila.silva.cardoso.21144@example.com,Maringá,Comprador,48,02731724509
Débora Dias Santos,debora.dias.santos.21145@example.com,Santos,Supervisor de qualidade,29,76627855561
Ana Monteiro Castro,ana.monteiro.castro.21146@example.com,Santos,Comprador,34,22570374486
Gustavo Teixeira Teixeira,gustavo.teixeira.teixeira.21147@example.com,Fortaleza,Chefe de departamento pessoal,29,03946674593
Eduardo Santos Souza,eduardo.santos.souza.21148@example.com,Campinas,Designer gráfico,20,47337213321
Pedro Monteiro Lima,pedro.monteiro.lima.21149@example.com,Maringá,Gerente comercial,53,05849620970
José Rodrigues Teixeira,jose.rodrigues.teixeira.21150@example.com,Belo Horizonte,Mecânico,68,17137234995
Aline Oliveira Martins,aline.oliveira.martins.21151@example.com,Natal,Arquiteto,34,56313892801
Bruno Barros Pereira,bruno.barros.pereira.21152@example.com,Vitória,Gerente financeiro,49,93394391441
Nicolas Dias Dias,nicolas.dias.dias.21153@example.com,Belo Horizonte,Eletricista,50,03395586492
Beatriz Alves Barbosa,beatriz.alves.barbosa.21154@example.com,Sorocaba,Gerente de operações,24,50058618219
Paulo Lima Silva,paulo.lima.silva.21155@example.com,Dourados,Fisioterapeuta,61,16022453462
Patrícia Barros Martins,patricia.barros.martins.21156@example.com,Goiânia,Líder de equipe,44,27526756811
Ricardo Costa Freitas,ricardo.costa.freitas.21157@example.com,Brasília,Assistente comercial,62,59590897006
Mariana Nascimento Gomes,mariana.nascimento.gomes.21158@example.com,Brasília,Mecânico,46,76462205396
Beatriz Barbosa Castro,beatriz.barbosa.castro.21159@example.com,Goiânia,Atendente,33,28179108905
Priscila Dias Castro,priscila.dias.castro.21160@example.com,Joinville,Jornalista,47,91403379260
Felipe Costa Martins,felipe.costa.martins.21161@example.com,Campo Grande,Assistente comercial,25,05752871564
Gustavo Barbosa Oliveira,gustavo.barbosa.oliveira.21162@example.com,Vitória,Advogado,33,09656333115
Camila Castro Castro,camila.castro.castro.21163@example.com,Recife,Técnico em informática,27,44908744060
Gabriela Ribeiro Mendes,gabriela.ribeiro.mendes.21164@example.com,Vitória,Assistente comercial,63,76602766746
Vitória Mendes Oliveira,vitoria.mendes.oliveira.21165@example.com,Vitória,Gerente de operações,69,25329720930
Vitória Barros Souza,vitoria.barros.souza.21166@example.com,Goiânia,Gerente comercial,55,43884858242
Vitória Monteiro Castro,vitoria.monteiro.castro.21167@example.com,Vitória,Operador de caixa,59,53288769019
Sandra Silva Ribeiro,sandra.silva.ribeiro.21168@example.com,Salvador,Coordenador de marketing,59,17211389696
Sérgio Barros Mendes,sergio.barros.mendes.21169@example.com,Porto Alegre,Gerente de tecnologia,33,35569259714
Daniela Silva Costa,daniela.silva.costa.21170@example.com,Uberlândia,Supervisor de vendas,23,05934878035
Nicolas Rodrigues Monteiro,nicolas.rodrigues.monteiro.21171@example.com,Porto Alegre,Diretor comercial,45,63312961036
Aline Costa Lima,aline.costa.lima.21172@example.com,São Paulo,Motorista,22,39590566859
Rafael Castro Ribeiro,rafael.castro.ribeiro.21173@example.com,Campinas,Comprador,29,73021322551
Larissa Silva Dias,larissa.silva.dias.21174@example.com,Rio de Janeiro,Gerente de operações,34,08533102413
Ana Nascimento Castro,ana.nascimento.castro.21175@example.com,Joinville,Fisioterapeuta,24,89768474371
Priscila Monteiro Castro,priscila.monteiro.castro.21176@example.com,Natal,Comprador,55,75013129895
Débora Rodrigues Oliveira,debora.rodrigues.oliveira.21177@example.com,Vitória,Assistente comercial,21,19961070939
Carolina Moreira Rodrigues,carolina.moreira.rodrigues.21178@example.com,Florianópolis,Eletricista,62,51955906765
Vitória Pereira Pereira,vitoria.pereira.pereira.21179@example.com,Salvador,Coordenador de marketing,64,50198693056
Patrícia Gomes Almeida,patricia.gomes.almeida.21180@example.com,Salvador,Supervisor de qualidade,39,46966750955
Aline Araújo Souza,aline.araujo.souza.21181@example.com,Sorocaba,Coordenador de marketing,54,45970747377
Sandra Barbosa Barros,sandra.barbosa.barros.21182@example.com,São Paulo,Coordenador de logística,66,57227181044
Marcelo Rodrigues Freitas,marcelo.rodrigues.freitas.21183@example.com,Santos,Gerente de recursos humanos,42,73202647965
Carlos Gomes Martins,carlos.gomes.martins.21184@example.com,Vitória,Assistente comercial,40,15709467448
Marcelo Dias Dias,marcelo.dias.dias.21185@example.com,Salvador,Estoquista,20,71228775163
Larissa Costa Araújo,larissa.costa.araujo.21186@example.com,Fortaleza,Pedreiro,61,79653755323
Sérgio Costa Barros,sergio.costa.barros.21187@example.com,Niterói,Designer gráfico,65,81985754880
Larissa Costa Alves,larissa.costa.alves.21188@example.com,Florianópolis,Designer gráfico,61,10286972677
Bruno Cardoso Moreira,bruno.cardoso.moreira.21189@example.com,Maringá,Supervisor de manutenção,36,27162244833
Igor Mendes Araújo,igor.mendes.araujo.21190@example.com,Belém,Mecânico,41,36749073719
Felipe Castro Carvalho,felipe.castro.carvalho.21191@example.com,Campo Grande,Analista financeiro,66,99668574312
Luana Carvalho Nascimento,luana.carvalho.nascimento.21192@example.com,Joinville,Gerente comercial,32,20881565236
Pedro Pereira Cardoso,pedro.pereira.cardoso.21193@example.com,Londrina,Assistente comercial,31,61275592385
Sandra Rodrigues Ribeiro,sandra.rodrigues.ribeiro.21194@example.com,Brasília,Chefe de departamento pessoal,33,86962143405
Thiago Rocha Rocha,thiago.rocha.rocha.21195@example.com,Londrina,Operador de caixa,36,55587575410
João Silva Oliveira,joao.silva.oliveira.21196@example.com,Rio de Janeiro,Arquiteto,43,42061426241
Paulo Mendes Rocha,paulo.mendes.rocha.21197@example.com,Porto Alegre,Diretor de operações,53,72035848326
Letícia Martins Nascimento,leticia.martins.nascimento.21198@example.com,Rondonópolis,Coordenador de marketing,56,48892778269
Priscila Mendes Castro,priscila.mendes.castro.21199@example.com,Campo Grande,Farmacêutico,60,97074160912
Débora Teixeira Martins,debora.teixeira.martins.21200@example.com,Salvador,Vendedor,54,00743058135
Camila Santos Lima,camila.santos.lima.21201@example.com,Caxias do Sul,Programador,51,25051767214
Sérgio Mendes Fernandes,sergio.mendes.fernandes.21202@example.com,Porto Alegre,Supervisor de manutenção,22,09135698150
Larissa Rocha Teixeira,larissa.rocha.teixeira.21203@example.com,Porto Alegre,Atendente,23,29302980201
Gustavo Oliveira Martins,gustavo.oliveira.martins.21204@example.com,Goiânia,Técnico em informática,34,56395670899
Luana Gomes Ribeiro,luana.gomes.ribeiro.21205@example.com,Campinas,Estoquista,18,96299922842
Vitória Fernandes Araújo,vitoria.fernandes.araujo.21206@example.com,Dourados,Analista de recursos humanos,26,69638952559
Diego Souza Lima,diego.souza.lima.21207@example.com,Campo Grande,Estoquista,58,43358044277
Camila Mendes Moreira,camila.mendes.moreira.21208@example.com,Belo Horizonte,Analista financeiro,46,19147530198
Otávio Moreira Alves,otavio.moreira.alves.21209@example.com,Rondonópolis,Farmacêutico,36,39653321603
Priscila Monteiro Alves,priscila.monteiro.alves.21210@example.com,Brasília,Analista de dados,23,32013114522
Paulo Monteiro Cardoso,paulo.monteiro.cardoso.21211@example.com,Florianópolis,Eletricista,39,00898971759
Sérgio Araújo Moreira,sergio.araujo.moreira.21212@example.com,Belo Horizonte,Motorista,34,74439250676
Marcelo Martins Carvalho,marcelo.martins.carvalho.21213@example.com,Sorocaba,Eletricista,62,61416340791
Felipe Carvalho Carvalho,felipe.carvalho.carvalho.21214@example.com,Uberlândia,Diretor comercial,40,44832162646
Camila Nascimento Oliveira,camila.nascimento.oliveira.21215@example.com,Curitiba,Recepcionista,39,33073514135
Diego Oliveira Freitas,diego.oliveira.freitas.21216@example.com,Manaus,Advogado,63,98135152308
Leonardo Martins Araújo,leonardo.martins.araujo.21217@example.com,Rondonópolis,Vendedor,60,91538459398
Leonardo Oliveira Ribeiro,leonardo.oliveira.ribeiro.21218@example.com,Porto Alegre,Chefe de departamento pessoal,35,76726712270
Henrique Freitas Barbosa,henrique.freitas.barbosa.21219@example.com,Joinville,Eletricista,24,56025663342
Daniela Fernandes Silva,daniela.fernandes.silva.21220@example.com,Uberlândia,Professor,53,60479879596
Aline Freitas Fernandes,aline.freitas.fernandes.21221@example.com,Sorocaba,Chefe de compras,33,59496070994
Thiago Silva Costa,thiago.silva.costa.21222@example.com,Campinas,Chefe de departamento pessoal,40,84975669367
Paulo Rocha Freitas,paulo.rocha.freitas.21223@example.com,Campo Grande,Chefe de almoxarifado,57,11598638327
Patrícia Ribeiro Monteiro,patricia.ribeiro.monteiro.21224@example.com,Belém,Recepcionista,20,50774917864
Vinícius Souza Barbosa,vinicius.souza.barbosa.21225@example.com,Florianópolis,Farmacêutico,46,53045854904
José Ribeiro Fernandes,jose.ribeiro.fernandes.21226@example.com,Rondonópolis,Gerente comercial,43,21172962971
Marcelo Barbosa Almeida,marcelo.barbosa.almeida.21227@example.com,Brasília,Coordenador de marketing,45,12194985589
Leonardo Rocha Teixeira,leonardo.rocha.teixeira.21228@example.com,Santos,Padeiro,64,59032096697
Tatiane Alves Almeida,tatiane.alves.almeida.21229@example.com,Londrina,Chefe de almoxarifado,37,24110981759
Paulo Costa Monteiro,paulo.costa.monteiro.21230@example.com,Cuiabá,Analista de recursos humanos,68,44211301053
José Castro Castro,jose.castro.castro.21231@example.com,Porto Alegre,Corretor de imóveis,29,41773777146
Bruno Oliveira Rocha,bruno.oliveira.rocha.21232@example.com,Santos,Motorista,21,29687928458
Beatriz Cardoso Freitas,beatriz.cardoso.freitas.21233@example.com,Campo Grande,Enfermeiro,59,09871979672
Tatiane Monteiro Freitas,tatiane.monteiro.freitas.21234@example.com,Natal,Eletricista,62,54700085918
Amanda Rocha Gomes,amanda.rocha.gomes.21235@example.com,Londrina,Chefe de compras,43,45130276588
Vitória Costa Santos,vitoria.costa.santos.21236@example.com,Salvador,Motorista,35,78174657533
Sérgio Mendes Martins,sergio.mendes.martins.21237@example.com,Dourados,Enfermeiro,46,16892815845
Simone Freitas Rodrigues,simone.freitas.rodrigues.21238@example.com,Campo Grande,Vendedor,67,88640403013
José Moreira Silva,jose.moreira.silva.21239@example.com,Maringá,Gerente de operações,54,01031685974
Luana Santos Martins,luana.santos.martins.21240@example.com,Maringá,Diretor de operações,64,39603181752
Igor Castro Barbosa,igor.castro.barbosa.21241@example.com,Recife,Coordenador administrativo,32,81094427027
Vanessa Dias Nascimento,vanessa.dias.nascimento.21242@example.com,Brasília,Corretor de imóveis,19,09452090438
Gabriel Almeida Moreira,gabriel.almeida.moreira.21243@example.com,Rondonópolis,Técnico em informática,58,91437140872
Tatiane Santos Lima,tatiane.santos.lima.21244@example.com,Rio de Janeiro,Contador,30,56195426255
Vinícius Teixeira Barbosa,vinicius.teixeira.barbosa.21245@example.com,Maringá,Chefe de departamento pessoal,48,42142553972
Luana Carvalho Moreira,luana.carvalho.moreira.21246@example.com,Uberlândia,Assistente comercial,45,00381949110
Débora Ribeiro Mendes,debora.ribeiro.mendes.21247@example.com,Caxias do Sul,Diretor de operações,46,02851873062
Vinícius Souza Freitas,vinicius.souza.freitas.21248@example.com,Rio de Janeiro,Chefe de almoxarifado,19,61180079211
Aline Fernandes Carvalho,aline.fernandes.carvalho.21249@example.com,Dourados,Líder de equipe,31,18630839708
José Barbosa Almeida,jose.barbosa.almeida.21250@example.com,Florianópolis,Fisioterapeuta,66,65600179446
Pedro Pereira Almeida,pedro.pereira.almeida.21251@example.com,Rondonópolis,Técnico em informática,50,09429358203
José Ribeiro Lima,jose.ribeiro.lima.21252@example.com,Vitória,Programador,62,47252898282
Mariana Fernandes Almeida,mariana.fernandes.almeida.21253@example.com,Dourados,Operador de caixa,39,08915069179
Otávio Teixeira Teixeira,otavio.teixeira.teixeira.21254@example.com,Belo Horizonte,Supervisor de atendimento,40,45507968677
Beatriz Fernandes Monteiro,beatriz.fernandes.monteiro.21255@example.com,Joinville,Supervisor de vendas,53,24293581934
Henrique Rodrigues Moreira,henrique.rodrigues.moreira.21256@example.com,Rondonópolis,Técnico em informática,43,57278947582
Rafael Rocha Souza,rafael.rocha.souza.21257@example.com,Sorocaba,Líder de equipe,42,35741358111
Paulo Mendes Silva,paulo.mendes.silva.21258@example.com,Cuiabá,Auxiliar de produção,40,46072113624
Priscila Nascimento Alves,priscila.nascimento.alves.21259@example.com,Belo Horizonte,Jornalista,40,31576692662
Larissa Castro Dias,larissa.castro.dias.21260@example.com,Dourados,Professor,21,31155476390
Ricardo Monteiro Lima,ricardo.monteiro.lima.21261@example.com,Caxias do Sul,Jornalista,54,76799627025
Paulo Barbosa Monteiro,paulo.barbosa.monteiro.21262@example.com,Manaus,Motorista,38,31383118506
Patrícia Silva Freitas,patricia.silva.freitas.21263@example.com,Caxias do Sul,Gerente financeiro,36,81015745970
Diego Almeida Lima,diego.almeida.lima.21264@example.com,Joinville,Engenheiro civil,19,76027734054
Ricardo Dias Santos,ricardo.dias.santos.21265@example.com,Curitiba,Gerente financeiro,35,02491399758
Letícia Gomes Rodrigues,leticia.gomes.rodrigues.21266@example.com,Brasília,Técnico de segurança do trabalho,20,50875297830
Ana Teixeira Alves,ana.teixeira.alves.21267@example.com,Dourados,Arquiteto,47,60649363090
José Silva Rodrigues,jose.silva.rodrigues.21268@example.com,Caxias do Sul,Pedreiro,28,74922471652
Beatriz Gomes Silva,beatriz.gomes.silva.21269@example.com,Rondonópolis,Analista de marketing,45,81025094325
Marcelo Araújo Freitas,marcelo.araujo.freitas.21270@example.com,Curitiba,Supervisor de vendas,50,31510754311
Sérgio Alves Pereira,sergio.alves.pereira.21271@example.com,Manaus,Gerente comercial,47,67220036944
Priscila Rodrigues Rocha,priscila.rodrigues.rocha.21272@example.com,São Paulo,Encarregado de produção,56,16449359961
Juliana Dias Rodrigues,juliana.dias.rodrigues.21273@example.com,Rondonópolis,Diretor comercial,31,91128019253
Igor Barros Silva,igor.barros.silva.21274@example.com,Vitória,Chefe de compras,37,28036762816
Sérgio Pereira Martins,sergio.pereira.martins.21275@example.com,São Paulo,Diretor comercial,66,07251455337
Eduardo Dias Souza,eduardo.dias.souza.21276@example.com,Brasília,Professor,21,08173293779
Priscila Dias Barbosa,priscila.dias.barbosa.21277@example.com,Salvador,Estoquista,57,05387673518
Juliana Costa Teixeira,juliana.costa.teixeira.21278@example.com,Campinas,Analista de dados,34,78117590622
Ricardo Gomes Carvalho,ricardo.gomes.carvalho.21279@example.com,Campinas,Líder de equipe,63,73497182178
Vitória Fernandes Oliveira,vitoria.fernandes.oliveira.21280@example.com,Caxias do Sul,Fisioterapeuta,44,95460946833
Sérgio Moreira Freitas,sergio.moreira.freitas.21281@example.com,Dourados,Comprador,28,77647645237
Larissa Barbosa Moreira,larissa.barbosa.moreira.21282@example.com,Campinas,Chefe de almoxarifado,30,80894968141
Nicolas Martins Rodrigues,nicolas.martins.rodrigues.21283@example.com,Niterói,Pedreiro,60,90549864800
João Cardoso Dias,joao.cardoso.dias.21284@example.com,Porto Alegre,Analista de recursos humanos,66,90187139265
Bruno Pereira Santos,bruno.pereira.santos.21285@example.com,Uberlândia,Supervisor de vendas,45,53288624293
Camila Costa Rodrigues,camila.costa.rodrigues.21286@example.com,Natal,Assistente comercial,32,12059988959
Leonardo Costa Cardoso,leonardo.costa.cardoso.21287@example.com,Manaus,Supervisor de atendimento,65,28117658183
Eduardo Moreira Barros,eduardo.moreira.barros.21288@example.com,Brasília,Coordenador de marketing,54,85555180538
Gustavo Fernandes Moreira,gustavo.fernandes.moreira.21289@example.com,Rondonópolis,Fisioterapeuta,23,88008452174
Paulo Ribeiro Souza,paulo.ribeiro.souza.21290@example.com,Niterói,Supervisor de manutenção,20,29394538190
Otávio Santos Lima,otavio.santos.lima.21291@example.com,Dourados,Líder de equipe,25,65496338407
Vinícius Gomes Pereira,vinicius.gomes.pereira.21292@example.com,Florianópolis,Coordenador administrativo,19,01351342720
Felipe Almeida Lima,felipe.almeida.lima.21293@example.com,Vitória,Cozinheiro,32,68400825027
Thiago Ribeiro Pereira,thiago.ribeiro.pereira.21294@example.com,Campo Grande,Analista financeiro,37,62951621088
Beatriz Ribeiro Santos,beatriz.ribeiro.santos.21295@example.com,Rondonópolis,Vendedor,69,20267964646
Gabriel Alves Mendes,gabriel.alves.mendes.21296@example.com,Belém,Vendedor,51,32108479454
Fernanda Castro Freitas,fernanda.castro.freitas.21297@example.com,Brasília,Coordenador de produção,37,26699241655
Felipe Monteiro Souza,felipe.monteiro.souza.21298@example.com,Caxias do Sul,Gerente comercial,51,12886494108
Igor Almeida Monteiro,igor.almeida.monteiro.21299@example.com,Campinas,Gerente de operações,20,04538658162
Juliana Alves Oliveira,juliana.alves.oliveira.21300@example.com,Belém,Diretor comercial,41,11925477986
Aline Fernandes Santos,aline.fernandes.santos.21301@example.com,Belém,Encarregado de produção,20,03786825798
Diego Mendes Carvalho,diego.mendes.carvalho.21302@example.com,Londrina,Analista de marketing,46,20044467933
Vanessa Rodrigues Cardoso,vanessa.rodrigues.cardoso.21303@example.com,Rio de Janeiro,Fisioterapeuta,63,67782192130
João Martins Moreira,joao.martins.moreira.21304@example.com,Cuiabá,Analista de dados,21,37010165339
Beatriz Almeida Souza,beatriz.almeida.souza.21305@example.com,Belo Horizonte,Corretor de imóveis,23,64837751131
Débora Silva Pereira,debora.silva.pereira.21306@example.com,Porto Alegre,Chefe de compras,49,05150991860
Diego Araújo Barros,diego.araujo.barros.21307@example.com,Campo Grande,Gerente de recursos humanos,46,15259244307
Nicolas Araújo Castro,nicolas.araujo.castro.21308@example.com,Curitiba,Fisioterapeuta,69,29216492117
Juliana Nascimento Nascimento,juliana.nascimento.nascimento.21309@example.com,Porto Alegre,Nutricionista,61,26916506582
Sérgio Cardoso Castro,sergio.cardoso.castro.21310@example.com,Dourados,Comprador,35,26576110761
Ricardo Barbosa Rocha,ricardo.barbosa.rocha.21311@example.com,Goiânia,Jornalista,64,97344431941
Vinícius Barros Rocha,vinicius.barros.rocha.21312@example.com,Porto Alegre,Supervisor de qualidade,33,66050759672
Camila Pereira Araújo,camila.pereira.araujo.21313@example.com,Vitória,Vendedor,50,94798445685
Renata Freitas Alves,renata.freitas.alves.21314@example.com,Florianópolis,Coordenador de logística,36,18804282099
Nicolas Mendes Oliveira,nicolas.mendes.oliveira.21315@example.com,Florianópolis,Gerente de operações,61,04759382668
Daniela Oliveira Almeida,daniela.oliveira.almeida.21316@example.com,Salvador,Auxiliar de produção,33,95431806599
Eduardo Araújo Barros,eduardo.araujo.barros.21317@example.com,Salvador,Farmacêutico,51,31788289345
Igor Cardoso Mendes,igor.cardoso.mendes.21318@example.com,Fortaleza,Jornalista,28,01342238724
Henrique Pereira Fernandes,henrique.pereira.fernandes.21319@example.com,Porto Alegre,Líder de equipe,48,54464534766
Leonardo Silva Dias,leonardo.silva.dias.21320@example.com,Porto Alegre,Padeiro,26,24097783340
Carlos Almeida Castro,carlos.almeida.castro.21321@example.com,Belo Horizonte,Atendente,29,81080451611
Otávio Moreira Almeida,otavio.moreira.almeida.21322@example.com,Belém,Auxiliar de produção,23,75853762447
Paulo Cardoso Almeida,paulo.cardoso.almeida.21323@example.com,Joinville,Analista de marketing,51,03055427614
Amanda Freitas Alves,amanda.freitas.alves.21324@example.com,Uberlândia,Coordenador administrativo,32,42969836088
Daniela Dias Araújo,daniela.dias.araujo.21325@example.com,Recife,Corretor de imóveis,47,36493838679
Lucas Lima Rodrigues,lucas.lima.rodrigues.21326@example.com,Porto Alegre,Mecânico,53,61853372471
Carlos Pereira Dias,carlos.pereira.dias.21327@example.com,Campo Grande,Supervisor de atendimento,63,17452960325
Lucas Castro Castro,lucas.castro.castro.21328@example.com,Porto Alegre,Chefe de compras,28,25381077801
Paulo Rodrigues Rodrigues,paulo.rodrigues.rodrigues.21329@example.com,Fortaleza,Analista de dados,47,41831147596
Bruno Alves Rodrigues,bruno.alves.rodrigues.21330@example.com,Manaus,Técnico de segurança do trabalho,39,07606012199
José Lima Ribeiro,jose.lima.ribeiro.21331@example.com,Goiânia,Supervisor de qualidade,65,11770998727
Diego Dias Monteiro,diego.dias.monteiro.21332@example.com,Belém,Designer gráfico,52,24718269128
Luana Ribeiro Almeida,luana.ribeiro.almeida.21333@example.com,Porto Alegre,Coordenador de logística,18,34698224333
Luana Pereira Araújo,luana.pereira.araujo.21334@example.com,Belém,Assistente comercial,65,86757171719
Marcelo Santos Teixeira,marcelo.santos.teixeira.21335@example.com,Caxias do Sul,Técnico em informática,47,56927218242
Thiago Teixeira Mendes,thiago.teixeira.mendes.21336@example.com,Florianópolis,Atendente,65,90134697042
Daniela Alves Rodrigues,daniela.alves.rodrigues.21337@example.com,Natal,Professor,18,01010480000
Thiago Ribeiro Lima,thiago.ribeiro.lima.21338@example.com,Natal,Programador,48,00640098196
Thiago Moreira Fernandes,thiago.moreira.fernandes.21339@example.com,Joinville,Coordenador de logística,20,31465545249
Gabriela Almeida Mendes,gabriela.almeida.mendes.21340@example.com,São Paulo,Analista financeiro,34,01394757050
Otávio Costa Costa,otavio.costa.costa.21341@example.com,Natal,Advogado,43,18148375980
Leonardo Freitas Martins,leonardo.freitas.martins.21342@example.com,Vitória,Coordenador de logística,32,68802068987
Sandra Oliveira Freitas,sandra.oliveira.freitas.21343@example.com,Brasília,Advogado,54,28433300323
Mariana Nascimento Santos,mariana.nascimento.santos.21344@example.com,Manaus,Gerente de operações,34,27718619193
Diego Silva Monteiro,diego.silva.monteiro.21345@example.com,Campo Grande,Professor,51,43178935626
Otávio Rocha Oliveira,otavio.rocha.oliveira.21346@example.com,Florianópolis,Motorista,18,35513195294
Gabriela Silva Gomes,gabriela.silva.gomes.21347@example.com,Maringá,Engenheiro civil,35,87464976128
Fernanda Freitas Dias,fernanda.freitas.dias.21348@example.com,Sorocaba,Designer gráfico,47,00380416799
Diego Rocha Teixeira,diego.rocha.teixeira.21349@example.com,Cuiabá,Gerente de tecnologia,19,42777433892
Simone Moreira Dias,simone.moreira.dias.21350@example.com,Sorocaba,Analista financeiro,26,11550720818
João Santos Silva,joao.santos.silva.21351@example.com,Maringá,Programador,55,86300097716
Gustavo Rocha Araújo,gustavo.rocha.araujo.21352@example.com,Goiânia,Supervisor de atendimento,49,26109194451
Juliana Freitas Silva,juliana.freitas.silva.21353@example.com,Fortaleza,Coordenador administrativo,59,50068767973
Gabriela Souza Souza,gabriela.souza.souza.21354@example.com,Campinas,Analista de dados,26,49730499148
Fernanda Martins Rodrigues,fernanda.martins.rodrigues.21355@example.com,Rio de Janeiro,Supervisor de qualidade,65,66486606718
Carlos Alves Alves,carlos.alves.alves.21356@example.com,Niterói,Analista de marketing,34,08929879391
Renata Martins Barros,renata.martins.barros.21357@example.com,Belo Horizonte,Supervisor de atendimento,60,43254826727
Gabriel Barbosa Nascimento,gabriel.barbosa.nascimento.21358@example.com,Porto Alegre,Coordenador administrativo,25,51027592305
Débora Cardoso Santos,debora.cardoso.santos.21359@example.com,Campinas,Encarregado de produção,67,49011789624
Fernanda Moreira Alves,fernanda.moreira.alves.21360@example.com,Campinas,Supervisor de vendas,29,27923111370
Igor Ribeiro Santos,igor.ribeiro.santos.21361@example.com,Curitiba,Programador,70,06831881024
Simone Teixeira Santos,simone.teixeira.santos.21362@example.com,Caxias do Sul,Operador de caixa,60,65103359190
Gabriel Barros Moreira,gabriel.barros.moreira.21363@example.com,Joinville,Comprador,58,69502620885
Beatriz Fernandes Martins,beatriz.fernandes.martins.21364@example.com,Natal,Atendente,28,36245643842
Gabriela Barros Alves,gabriela.barros.alves.21365@example.com,Brasília,Chefe de almoxarifado,42,20360369843
Eduardo Silva Almeida,eduardo.silva.almeida.21366@example.com,Joinville,Chefe de departamento pessoal,51,92620266796
Débora Gomes Costa,debora.gomes.costa.21367@example.com,Fortaleza,Gerente comercial,54,89409646729
Sandra Nascimento Rocha,sandra.nascimento.rocha.21368@example.com,Santos,Cozinheiro,34,31653093060
Luana Alves Mendes,luana.alves.mendes.21369@example.com,Florianópolis,Vendedor,46,68169799718
Daniela Nascimento Araújo,daniela.nascimento.araujo.21370@example.com,Uberlândia,Motorista,41,19368163432
Gabriela Freitas Pereira,gabriela.freitas.pereira.21371@example.com,Belém,Técnico de enfermagem,55,88697278758
Henrique Monteiro Costa,henrique.monteiro.costa.21372@example.com,Goiânia,Analista financeiro,37,70482181304
Vitória Dias Almeida,vitoria.dias.almeida.21373@example.com,Manaus,Professor,46,55489161299
Fernanda Cardoso Alves,fernanda.cardoso.alves.21374@example.com,Cuiabá,Padeiro,19,91785752021
Mariana Ribeiro Souza,mariana.ribeiro.souza.21375@example.com,Brasília,Recepcionista,62,49081642357
Gabriel Araújo Fernandes,gabriel.araujo.fernandes.21376@example.com,Campinas,Professor,31,36842588793
Marcelo Cardoso Mendes,marcelo.cardoso.mendes.21377@example.com,Maringá,Chefe de compras,50,05495598104
Daniela Ribeiro Nascimento,daniela.ribeiro.nascimento.21378@example.com,Campinas,Vendedor,41,88151271929
Bruno Rodrigues Rodrigues,bruno.rodrigues.rodrigues.21379@example.com,Recife,Assistente comercial,26,85567618345
Daniela Santos Oliveira,daniela.santos.oliveira.21380@example.com,Recife,Coordenador administrativo,48,36311634838
Diego Santos Alves,diego.santos.alves.21381@example.com,Niterói,Gerente comercial,34,98845359549
Lucas Nascimento Silva,lucas.nascimento.silva.21382@example.com,Belém,Vendedor,36,71623428535
Lucas Moreira Oliveira,lucas.moreira.oliveira.21383@example.com,Florianópolis,Enfermeiro,61,13957239644
João Moreira Oliveira,joao.moreira.oliveira.21384@example.com,Campo Grande,Pedreiro,53,25644597720
Lucas Alves Carvalho,lucas.alves.carvalho.21385@example.com,Rio de Janeiro,Gerente comercial,24,41672004249
Nicolas Rodrigues Barbosa,nicolas.rodrigues.barbosa.21386@example.com,Porto Alegre,Técnico em informática,26,13434555025
Letícia Moreira Pereira,leticia.moreira.pereira.21387@example.com,Campinas,Eletricista,55,28466897903
Igor Ribeiro Pereira,igor.ribeiro.pereira.21388@example.com,Rondonópolis,Fisioterapeuta,60,77275973886
Mariana Martins Freitas,mariana.martins.freitas.21389@example.com,Brasília,Atendente,34,78758963834
Beatriz Araújo Rodrigues,beatriz.araujo.rodrigues.21390@example.com,Belo Horizonte,Coordenador de logística,57,66176685252
Henrique Gomes Rodrigues,henrique.gomes.rodrigues.21391@example.com,Sorocaba,Diretor comercial,70,89279911951
Marcelo Alves Alves,marcelo.alves.alves.21392@example.com,Uberlândia,Gerente de recursos humanos,37,28004969298
Vitória Gomes Lima,vitoria.gomes.lima.21393@example.com,Campo Grande,Nutricionista,69,72649649990
Gabriel Barros Alves,gabriel.barros.alves.21394@example.com,Campinas,Técnico de enfermagem,44,07519551643
Leonardo Freitas Silva,leonardo.freitas.silva.21395@example.com,Porto Alegre,Operador de caixa,52,12413704578
Pedro Gomes Mendes,pedro.gomes.mendes.21396@example.com,Londrina,Gerente de operações,22,82087441109
Pedro Santos Freitas,pedro.santos.freitas.21397@example.com,Sorocaba,Atendente,67,28454837620
Juliana Gomes Dias,juliana.gomes.dias.21398@example.com,Manaus,Coordenador de logística,59,41012976549
Patrícia Ribeiro Teixeira,patricia.ribeiro.teixeira.21399@example.com,Niterói,Assistente comercial,52,71247313422
José Castro Barbosa,jose.castro.barbosa.21400@example.com,Campinas,Analista financeiro,36,54065832872
Larissa Cardoso Barbosa,larissa.cardoso.barbosa.21401@example.com,Sorocaba,Auxiliar de produção,24,01110423550
Otávio Martins Martins,otavio.martins.martins.21402@example.com,Curitiba,Professor,30,22478355330
Daniela Fernandes Pereira,daniela.fernandes.pereira.21403@example.com,São Paulo,Mecânico,56,10495431064
Renata Barros Ribeiro,renata.barros.ribeiro.21404@example.com,Uberlândia,Comprador,20,30721990624
Carlos Fernandes Rocha,carlos.fernandes.rocha.21405@example.com,Niterói,Engenheiro civil,23,66841775015
Carolina Fernandes Barbosa,carolina.fernandes.barbosa.21406@example.com,São Paulo,Supervisor de qualidade,69,29581890006
Gabriel Souza Araújo,gabriel.souza.araujo.21407@example.com,Joinville,Coordenador administrativo,68,11666701831
Priscila Souza Lima,priscila.souza.lima.21408@example.com,Santos,Analista de recursos humanos,38,51576194842
Gustavo Silva Moreira,gustavo.silva.moreira.21409@example.com,Caxias do Sul,Comprador,40,19374969098
Mariana Araújo Teixeira,mariana.araujo.teixeira.21410@example.com,Rio de Janeiro,Padeiro,61,88708664355
Letícia Pereira Barros,leticia.pereira.barros.21411@example.com,Belo Horizonte,Nutricionista,62,30334302025
Gabriel Cardoso Costa,gabriel.cardoso.costa.21412@example.com,Goiânia,Encarregado de produção,64,72438863109
Vitória Fernandes Moreira,vitoria.fernandes.moreira.21413@example.com,Cuiabá,Mecânico,38,79982442307
Rafael Dias Santos,rafael.dias.santos.21414@example.com,Rondonópolis,Supervisor de atendimento,18,19226888301
Tatiane Alves Gomes,tatiane.alves.gomes.21415@example.com,Uberlândia,Coordenador de produção,58,35627768540
Nicolas Ribeiro Almeida,nicolas.ribeiro.almeida.21416@example.com,Cuiabá,Eletricista,42,63157360298
Fernanda Barbosa Nascimento,fernanda.barbosa.nascimento.21417@example.com,Rio de Janeiro,Assistente comercial,29,82999485020
Rafael Moreira Silva,rafael.moreira.silva.21418@example.com,Florianópolis,Engenheiro civil,53,75105074324
Renata Monteiro Silva,renata.monteiro.silva.21419@example.com,Dourados,Nutricionista,33,33212872448
Priscila Carvalho Teixeira,priscila.carvalho.teixeira.21420@example.com,Cuiabá,Estoquista,44,12150327211
Patrícia Dias Cardoso,patricia.dias.cardoso.21421@example.com,Vitória,Fisioterapeuta,31,42817396148
Nicolas Monteiro Castro,nicolas.monteiro.castro.21422@example.com,Recife,Fisioterapeuta,63,29714774535
Sandra Castro Cardoso,sandra.castro.cardoso.21423@example.com,Santos,Assistente comercial,56,87332138104
Diego Martins Nascimento,diego.martins.nascimento.21424@example.com,Santos,Enfermeiro,48,51681567451
Henrique Teixeira Barros,henrique.teixeira.barros.21425@example.com,Caxias do Sul,Corretor de imóveis,67,34959948408
Mariana Almeida Fernandes,mariana.almeida.fernandes.21426@example.com,Uberlândia,Professor,41,42063428972
Paulo Monteiro Monteiro,paulo.monteiro.monteiro.21427@example.com,São Paulo,Vendedor,33,55443111838
Igor Barros Moreira,igor.barros.moreira.21428@example.com,Cuiabá,Advogado,36,35539371512
Vanessa Fernandes Pereira,vanessa.fernandes.pereira.21429@example.com,Campinas,Diretor comercial,67,13733284610
Diego Freitas Freitas,diego.freitas.freitas.21430@example.com,Porto Alegre,Assistente administrativo,63,42849509555
Tatiane Pereira Barbosa,tatiane.pereira.barbosa.21431@example.com,Sorocaba,Coordenador de marketing,43,33082743055
Débora Ribeiro Fernandes,debora.ribeiro.fernandes.21432@example.com,Campinas,Coordenador de logística,19,26997132714
Luana Nascimento Gomes,luana.nascimento.gomes.21433@example.com,Vitória,Estoquista,43,42762923139
Simone Souza Freitas,simone.souza.freitas.21434@example.com,Rio de Janeiro,Assistente comercial,37,29663756195
Letícia Oliveira Almeida,leticia.oliveira.almeida.21435@example.com,Natal,Pedreiro,54,67414944596
Débora Santos Souza,debora.santos.souza.21436@example.com,Rondonópolis,Recepcionista,39,06065320283
Gabriela Gomes Teixeira,gabriela.gomes.teixeira.21437@example.com,Goiânia,Comprador,70,85257506902
Pedro Rodrigues Freitas,pedro.rodrigues.freitas.21438@example.com,Belém,Operador de caixa,32,24462211809
Fernanda Teixeira Souza,fernanda.teixeira.souza.21439@example.com,Uberlândia,Diretor comercial,43,22850471659
Débora Almeida Costa,debora.almeida.costa.21440@example.com,Sorocaba,Coordenador de logística,44,07558078164
Henrique Barros Carvalho,henrique.barros.carvalho.21441@example.com,Vitória,Operador de caixa,27,46177103097
Patrícia Alves Rocha,patricia.alves.rocha.21442@example.com,São Paulo,Técnico em informática,54,17392800633
Amanda Fernandes Dias,amanda.fernandes.dias.21443@example.com,Dourados,Professor,46,12771872128
João Pereira Alves,joao.pereira.alves.21444@example.com,Fortaleza,Supervisor de manutenção,60,47631867837
Rafael Fernandes Pereira,rafael.fernandes.pereira.21445@example.com,Rio de Janeiro,Técnico em informática,62,18123960636
Carlos Mendes Costa,carlos.mendes.costa.21446@example.com,Natal,Mecânico,62,22990232466
Fernanda Nascimento Araújo,fernanda.nascimento.araujo.21447@example.com,Cuiabá,Chefe de almoxarifado,45,52660497525
Carolina Cardoso Oliveira,carolina.cardoso.oliveira.21448@example.com,Rondonópolis,Líder de equipe,61,24456748675
Lucas Barbosa Santos,lucas.barbosa.santos.21449@example.com,São Paulo,Assistente administrativo,68,06888944370
Diego Pereira Mendes,diego.pereira.mendes.21450@example.com,Brasília,Líder de equipe,27,12585735490
Larissa Moreira Moreira,larissa.moreira.moreira.21451@example.com,São Paulo,Supervisor de atendimento,66,17841969282
Renata Teixeira Silva,renata.teixeira.silva.21452@example.com,São Paulo,Chefe de departamento pessoal,39,61744105510
Beatriz Alves Teixeira,beatriz.alves.teixeira.21453@example.com,Niterói,Supervisor de qualidade,21,92944077940
Sérgio Freitas Ribeiro,sergio.freitas.ribeiro.21454@example.com,Goiânia,Chefe de almoxarifado,42,88883227152
Letícia Santos Barros,leticia.santos.barros.21455@example.com,Campinas,Nutricionista,31,71724860485
José Rocha Barros,jose.rocha.barros.21456@example.com,Uberlândia,Técnico de enfermagem,29,05254628374
Sandra Cardoso Gomes,sandra.cardoso.gomes.21457@example.com,Manaus,Padeiro,25,79368001036
Fernanda Ribeiro Teixeira,fernanda.ribeiro.teixeira.21458@example.com,Recife,Vendedor,21,86678147643
Eduardo Almeida Martins,eduardo.almeida.martins.21459@example.com,Brasília,Arquiteto,38,49878203042
Vanessa Cardoso Rodrigues,vanessa.cardoso.rodrigues.21460@example.com,Dourados,Gerente de operações,50,78465060189
Eduardo Barbosa Ribeiro,eduardo.barbosa.ribeiro.21461@example.com,Caxias do Sul,Coordenador de produção,26,29173723107
Beatriz Gomes Teixeira,beatriz.gomes.teixeira.21462@example.com,Recife,Farmacêutico,44,73764770799
Carlos Alves Oliveira,carlos.alves.oliveira.21463@example.com,Niterói,Comprador,24,86174666380
Simone Pereira Pereira,simone.pereira.pereira.21464@example.com,Santos,Supervisor de qualidade,34,40717797313
Diego Rocha Rocha,diego.rocha.rocha.21465@example.com,Uberlândia,Coordenador de produção,69,34476042398
Daniela Dias Gomes,daniela.dias.gomes.21466@example.com,Sorocaba,Chefe de almoxarifado,49,57873437554
Débora Alves Ribeiro,debora.alves.ribeiro.21467@example.com,Manaus,Analista de recursos humanos,50,15133247366
Gustavo Lima Castro,gustavo.lima.castro.21468@example.com,Fortaleza,Advogado,26,32769299515
Bruno Carvalho Castro,bruno.carvalho.castro.21469@example.com,Santos,Arquiteto,47,82533175450
Fernanda Dias Rocha,fernanda.dias.rocha.21470@example.com,Manaus,Chefe de almoxarifado,37,76802261075
Diego Barbosa Martins,diego.barbosa.martins.21471@example.com,Niterói,Chefe de compras,20,61914327162
João Dias Castro,joao.dias.castro.21472@example.com,Goiânia,Analista de recursos humanos,25,87791253056
Carlos Nascimento Castro,carlos.nascimento.castro.21473@example.com,Natal,Técnico de segurança do trabalho,52,50455546958
Juliana Rocha Alves,juliana.rocha.alves.21474@example.com,Florianópolis,Mecânico,43,96200593471
Letícia Costa Castro,leticia.costa.castro.21475@example.com,Porto Alegre,Técnico de segurança do trabalho,53,72538360910
Leonardo Barros Castro,leonardo.barros.castro.21476@example.com,Goiânia,Analista de marketing,44,57299341110
Sérgio Souza Barros,sergio.souza.barros.21477@example.com,Rio de Janeiro,Analista financeiro,68,74353705659
Vinícius Barbosa Moreira,vinicius.barbosa.moreira.21478@example.com,Niterói,Chefe de compras,66,41257030367
Felipe Fernandes Rocha,felipe.fernandes.rocha.21479@example.com,São Paulo,Nutricionista,39,17675291999
Aline Cardoso Pereira,aline.cardoso.pereira.21480@example.com,Recife,Fisioterapeuta,52,40370660822
Vanessa Santos Rodrigues,vanessa.santos.rodrigues.21481@example.com,Fortaleza,Cozinheiro,63,80023325585
Letícia Monteiro Silva,leticia.monteiro.silva.21482@example.com,Cuiabá,Analista de dados,68,58611993717
Beatriz Gomes Teixeira,beatriz.gomes.teixeira.21483@example.com,Maringá,Coordenador de marketing,47,47724671919
Thiago Silva Rocha,thiago.silva.rocha.21484@example.com,Belém,Vendedor,52,60482716259
Carlos Ribeiro Almeida,carlos.ribeiro.almeida.21485@example.com,Campo Grande,Gerente de tecnologia,38,63111359805
Beatriz Carvalho Dias,beatriz.carvalho.dias.21486@example.com,Londrina,Técnico de segurança do trabalho,46,87649852104
Camila Monteiro Castro,camila.monteiro.castro.21487@example.com,Santos,Designer gráfico,62,57115840015
Vitória Monteiro Lima,vitoria.monteiro.lima.21488@example.com,Florianópolis,Auxiliar de produção,63,09604843025
Renata Alves Dias,renata.alves.dias.21489@example.com,São Paulo,Contador,42,47290750050
Larissa Cardoso Almeida,larissa.cardoso.almeida.21490@example.com,Rondonópolis,Gerente comercial,20,39753978416
Pedro Rodrigues Martins,pedro.rodrigues.martins.21491@example.com,Joinville,Supervisor de atendimento,64,81890594059
Nicolas Barros Araújo,nicolas.barros.araujo.21492@example.com,Rondonópolis,Farmacêutico,54,34996184889
Rafael Almeida Dias,rafael.almeida.dias.21493@example.com,Caxias do Sul,Assistente comercial,24,41688187687
Mariana Nascimento Pereira,mariana.nascimento.pereira.21494@example.com,Campinas,Chefe de almoxarifado,49,42974682721
Priscila Almeida Alves,priscila.almeida.alves.21495@example.com,Belo Horizonte,Analista de dados,43,06019272266
Gabriela Almeida Dias,gabriela.almeida.dias.21496@example.com,Uberlândia,Eletricista,51,69025248354
Diego Gomes Teixeira,diego.gomes.teixeira.21497@example.com,Curitiba,Assistente administrativo,22,17572539947
Gustavo Dias Rodrigues,gustavo.dias.rodrigues.21498@example.com,Caxias do Sul,Mecânico,43,15933943701
Eduardo Oliveira Costa,eduardo.oliveira.costa.21499@example.com,Caxias do Sul,Enfermeiro,31,48038521557
Marcelo Lima Barbosa,marcelo.lima.barbosa.21500@example.com,Rondonópolis,Assistente comercial,37,10342687784
Simone Freitas Rocha,simone.freitas.rocha.21501@example.com,Recife,Coordenador de logística,33,82353887775
Aline Costa Lima,aline.costa.lima.21502@example.com,Rio de Janeiro,Gerente financeiro,37,04156641299
Mariana Barbosa Nascimento,mariana.barbosa.nascimento.21503@example.com,Salvador,Chefe de departamento pessoal,66,93951207180
Rafael Costa Ribeiro,rafael.costa.ribeiro.21504@example.com,Florianópolis,Coordenador administrativo,52,33093318972
Leonardo Mendes Barbosa,leonardo.mendes.barbosa.21505@example.com,Campinas,Cozinheiro,20,47159129427
Tatiane Costa Almeida,tatiane.costa.almeida.21506@example.com,Brasília,Pedreiro,39,22430024579
Tatiane Rodrigues Rocha,tatiane.rodrigues.rocha.21507@example.com,Recife,Técnico de segurança do trabalho,41,49924632544
José Almeida Teixeira,jose.almeida.teixeira.21508@example.com,Fortaleza,Estoquista,40,75479685946
Marcelo Dias Carvalho,marcelo.dias.carvalho.21509@example.com,Niterói,Supervisor de manutenção,27,37133513328
Amanda Almeida Costa,amanda.almeida.costa.21510@example.com,Brasília,Arquiteto,47,03989818957
Pedro Silva Ribeiro,pedro.silva.ribeiro.21511@example.com,Natal,Jornalista,38,47961020383
Vanessa Barros Fernandes,vanessa.barros.fernandes.21512@example.com,Belém,Nutricionista,42,93610586051
Daniela Oliveira Mendes,daniela.oliveira.mendes.21513@example.com,Campinas,Técnico de segurança do trabalho,36,88454312243
Eduardo Cardoso Fernandes,eduardo.cardoso.fernandes.21514@example.com,Brasília,Nutricionista,20,16812886101
Gabriel Almeida Monteiro,gabriel.almeida.monteiro.21515@example.com,Niterói,Gerente comercial,35,33097026785
Vitória Santos Ribeiro,vitoria.santos.ribeiro.21516@example.com,Uberlândia,Padeiro,67,38044650687
Luana Alves Moreira,luana.alves.moreira.21517@example.com,Santos,Mecânico,55,84858902303
Vanessa Gomes Fernandes,vanessa.gomes.fernandes.21518@example.com,Porto Alegre,Analista financeiro,56,06080270141
Gabriela Dias Silva,gabriela.dias.silva.21519@example.com,Campinas,Assistente administrativo,28,23898298073
Luana Nascimento Barros,luana.nascimento.barros.21520@example.com,Recife,Programador,28,09244762705
Igor Silva Barros,igor.silva.barros.21521@example.com,Fortaleza,Diretor de operações,33,09211710893
Leonardo Monteiro Nascimento,leonardo.monteiro.nascimento.21522@example.com,Maringá,Supervisor de manutenção,47,84097212515
Ana Fernandes Dias,ana.fernandes.dias.21523@example.com,Curitiba,Auxiliar de produção,37,05473473439
Diego Santos Freitas,diego.santos.freitas.21524@example.com,Caxias do Sul,Assistente administrativo,47,67907575460
Bruno Freitas Carvalho,bruno.freitas.carvalho.21525@example.com,Salvador,Gerente comercial,59,99955956242
Gabriela Fernandes Souza,gabriela.fernandes.souza.21526@example.com,Porto Alegre,Recepcionista,52,72474567065
Amanda Castro Monteiro,amanda.castro.monteiro.21527@example.com,Sorocaba,Analista financeiro,37,77839233442
Lucas Nascimento Mendes,lucas.nascimento.mendes.21528@example.com,Florianópolis,Coordenador de produção,48,16624610324
Letícia Souza Barros,leticia.souza.barros.21529@example.com,Campinas,Nutricionista,43,58405721171
Igor Santos Freitas,igor.santos.freitas.21530@example.com,Campinas,Encarregado de produção,70,17714824759
Igor Gomes Santos,igor.gomes.santos.21531@example.com,Salvador,Operador de caixa,47,80365421232
Fernanda Almeida Silva,fernanda.almeida.silva.21532@example.com,Natal,Assistente comercial,46,51315560130
Igor Barbosa Oliveira,igor.barbosa.oliveira.21533@example.com,Manaus,Supervisor de atendimento,29,52788050484
Gustavo Barros Santos,gustavo.barros.santos.21534@example.com,Uberlândia,Eletricista,41,23642857745
Carolina Castro Gomes,carolina.castro.gomes.21535@example.com,Santos,Encarregado de produção,46,41070981309
Camila Castro Rocha,camila.castro.rocha.21536@example.com,Belo Horizonte,Chefe de almoxarifado,46,28134421470
Daniela Gomes Gomes,daniela.gomes.gomes.21537@example.com,Recife,Arquiteto,24,22288679269
Gabriela Mendes Monteiro,gabriela.mendes.monteiro.21538@example.com,Goiânia,Contador,33,83284943019
Amanda Ribeiro Fernandes,amanda.ribeiro.fernandes.21539@example.com,Goiânia,Analista financeiro,48,29662149980
Renata Nascimento Mendes,renata.nascimento.mendes.21540@example.com,Santos,Fisioterapeuta,47,86835002886
Priscila Silva Alves,priscila.silva.alves.21541@example.com,Porto Alegre,Auxiliar de produção,62,14693290347
Otávio Freitas Oliveira,otavio.freitas.oliveira.21542@example.com,Belo Horizonte,Técnico de enfermagem,35,22018521754
Tatiane Alves Pereira,tatiane.alves.pereira.21543@example.com,Fortaleza,Supervisor de vendas,50,79457516668
Sandra Lima Costa,sandra.lima.costa.21544@example.com,Cuiabá,Técnico de enfermagem,41,02436120995
Bruno Moreira Rocha,bruno.moreira.rocha.21545@example.com,Santos,Assistente administrativo,49,59826943350
Simone Carvalho Costa,simone.carvalho.costa.21546@example.com,Porto Alegre,Farmacêutico,36,69339807170
Felipe Castro Castro,felipe.castro.castro.21547@example.com,Florianópolis,Fisioterapeuta,43,73149639583
Amanda Silva Castro,amanda.silva.castro.21548@example.com,Florianópolis,Engenheiro civil,60,68478329296
Bruno Rocha Pereira,bruno.rocha.pereira.21549@example.com,Joinville,Jornalista,64,74002709703
Carolina Oliveira Almeida,carolina.oliveira.almeida.21550@example.com,Caxias do Sul,Chefe de almoxarifado,44,51499921767
Mariana Freitas Rodrigues,mariana.freitas.rodrigues.21551@example.com,Florianópolis,Gerente de tecnologia,37,28369248270
Tatiane Moreira Teixeira,tatiane.moreira.teixeira.21552@example.com,Campo Grande,Estoquista,47,10441216401
Vinícius Souza Monteiro,vinicius.souza.monteiro.21553@example.com,Campo Grande,Gerente financeiro,32,19059888490
Leonardo Castro Araújo,leonardo.castro.araujo.21554@example.com,Londrina,Jornalista,20,93007136891
Nicolas Barros Teixeira,nicolas.barros.teixeira.21555@example.com,Curitiba,Coordenador de marketing,31,45282104319
Marcelo Almeida Rodrigues,marcelo.almeida.rodrigues.21556@example.com,Santos,Coordenador administrativo,63,42985097502
Fernanda Alves Almeida,fernanda.alves.almeida.21557@example.com,Londrina,Supervisor de atendimento,23,46518922271
Beatriz Dias Rodrigues,beatriz.dias.rodrigues.21558@example.com,Curitiba,Supervisor de manutenção,20,47292481168
Larissa Gomes Ribeiro,larissa.gomes.ribeiro.21559@example.com,Porto Alegre,Arquiteto,36,95056759195
Nicolas Rodrigues Souza,nicolas.rodrigues.souza.21560@example.com,Rio de Janeiro,Gerente comercial,64,42450007992
Priscila Nascimento Barros,priscila.nascimento.barros.21561@example.com,Niterói,Farmacêutico,47,63958452505
Sérgio Souza Rocha,sergio.souza.rocha.21562@example.com,São Paulo,Diretor de operações,50,11225308662
Carlos Mendes Oliveira,carlos.mendes.oliveira.21563@example.com,Vitória,Líder de equipe,35,15536916947
Ana Dias Carvalho,ana.dias.carvalho.21564@example.com,Campinas,Analista de marketing,51,03670784119
Bruno Alves Lima,bruno.alves.lima.21565@example.com,Londrina,Engenheiro civil,57,16535794146
Eduardo Almeida Rocha,eduardo.almeida.rocha.21566@example.com,Dourados,Chefe de compras,50,81698614830
Luana Fernandes Silva,luana.fernandes.silva.21567@example.com,Sorocaba,Supervisor de vendas,27,06576426708
Eduardo Carvalho Barbosa,eduardo.carvalho.barbosa.21568@example.com,Campo Grande,Mecânico,53,48615829546
Luana Silva Araújo,luana.silva.araujo.21569@example.com,Florianópolis,Coordenador de logística,58,61324890277
Mariana Rodrigues Barbosa,mariana.rodrigues.barbosa.21570@example.com,Manaus,Motorista,48,16975284503
Igor Mendes Carvalho,igor.mendes.carvalho.21571@example.com,Belém,Supervisor de qualidade,18,81843581546
Amanda Fernandes Martins,amanda.fernandes.martins.21572@example.com,Caxias do Sul,Jornalista,60,09126500278
Carolina Silva Mendes,carolina.silva.mendes.21573@example.com,Uberlândia,Chefe de almoxarifado,49,97162759930
Patrícia Barros Oliveira,patricia.barros.oliveira.21574@example.com,Niterói,Arquiteto,44,36165562654
Leonardo Souza Almeida,leonardo.souza.almeida.21575@example.com,Rio de Janeiro,Programador,21,16854134351
Simone Barros Araújo,simone.barros.araujo.21576@example.com,Florianópolis,Nutricionista,61,69335947995
Daniela Rodrigues Teixeira,daniela.rodrigues.teixeira.21577@example.com,Santos,Chefe de departamento pessoal,44,15946566423
Sérgio Dias Freitas,sergio.dias.freitas.21578@example.com,Joinville,Diretor comercial,66,79323837092
Camila Fernandes Oliveira,camila.fernandes.oliveira.21579@example.com,Rondonópolis,Supervisor de manutenção,44,27438143753
Gustavo Barros Pereira,gustavo.barros.pereira.21580@example.com,Campo Grande,Padeiro,21,13657640870
Sérgio Rodrigues Barbosa,sergio.rodrigues.barbosa.21581@example.com,Manaus,Padeiro,61,75780203268
Vitória Rocha Barros,vitoria.rocha.barros.21582@example.com,Rondonópolis,Supervisor de vendas,46,68355954166
José Fernandes Fernandes,jose.fernandes.fernandes.21583@example.com,Santos,Técnico de enfermagem,46,66270787023
Larissa Rocha Teixeira,larissa.rocha.teixeira.21584@example.com,Vitória,Programador,20,30999777916
Vinícius Barbosa Silva,vinicius.barbosa.silva.21585@example.com,Dourados,Advogado,43,53410818884
Vinícius Souza Oliveira,vinicius.souza.oliveira.21586@example.com,Fortaleza,Encarregado de produção,63,42088848400
Ricardo Oliveira Moreira,ricardo.oliveira.moreira.21587@example.com,Campo Grande,Gerente financeiro,23,81240310188
Letícia Cardoso Barros,leticia.cardoso.barros.21588@example.com,Rondonópolis,Diretor de operações,31,92118655140
Otávio Rocha Oliveira,otavio.rocha.oliveira.21589@example.com,Dourados,Diretor de operações,37,00661018228
Renata Martins Costa,renata.martins.costa.21590@example.com,Porto Alegre,Professor,36,97825250736
Carolina Freitas Souza,carolina.freitas.souza.21591@example.com,Salvador,Encarregado de produção,51,98788001239
Simone Alves Freitas,simone.alves.freitas.21592@example.com,Santos,Técnico de segurança do trabalho,50,92528871561
Henrique Rocha Cardoso,henrique.rocha.cardoso.21593@example.com,Uberlândia,Coordenador de marketing,49,85707270541
Thiago Mendes Pereira,thiago.mendes.pereira.21594@example.com,Salvador,Gerente de tecnologia,66,80132079672
Pedro Santos Souza,pedro.santos.souza.21595@example.com,Niterói,Supervisor de vendas,66,82095898696
Mariana Barbosa Lima,mariana.barbosa.lima.21596@example.com,Goiânia,Coordenador de logística,66,58845178171
Gabriela Araújo Freitas,gabriela.araujo.freitas.21597@example.com,Recife,Arquiteto,33,20261750813
Vanessa Ribeiro Lima,vanessa.ribeiro.lima.21598@example.com,Uberlândia,Supervisor de atendimento,64,86053959817
Carlos Almeida Rodrigues,carlos.almeida.rodrigues.21599@example.com,Niterói,Analista de recursos humanos,20,39468703965
Patrícia Oliveira Souza,patricia.oliveira.souza.21600@example.com,Manaus,Operador de caixa,32,47762616304
Gustavo Teixeira Dias,gustavo.teixeira.dias.21601@example.com,Salvador,Coordenador de produção,55,33824422001
Nicolas Castro Fernandes,nicolas.castro.fernandes.21602@example.com,Belo Horizonte,Diretor comercial,23,91326358290
Ricardo Dias Nascimento,ricardo.dias.nascimento.21603@example.com,Campo Grande,Fisioterapeuta,47,39354296718
Gustavo Rocha Silva,gustavo.rocha.silva.21604@example.com,Santos,Engenheiro civil,34,95567151650
Gabriel Santos Ribeiro,gabriel.santos.ribeiro.21605@example.com,Vitória,Chefe de almoxarifado,64,92665303139
Priscila Martins Alves,priscila.martins.alves.21606@example.com,Campo Grande,Coordenador de logística,29,21186183116
Sandra Cardoso Oliveira,sandra.cardoso.oliveira.21607@example.com,Campo Grande,Farmacêutico,59,45795878739
Ana Mendes Gomes,ana.mendes.gomes.21608@example.com,Belém,Enfermeiro,24,86469429553
Carolina Almeida Silva,carolina.almeida.silva.21609@example.com,Campo Grande,Vendedor,25,23266837467
José Moreira Rodrigues,jose.moreira.rodrigues.21610@example.com,Londrina,Técnico em informática,65,40422949223
Renata Ribeiro Ribeiro,renata.ribeiro.ribeiro.21611@example.com,Curitiba,Estoquista,46,59219555540
Priscila Moreira Alves,priscila.moreira.alves.21612@example.com,Florianópolis,Gerente de operações,47,51742327748
Gabriela Cardoso Freitas,gabriela.cardoso.freitas.21613@example.com,Rondonópolis,Supervisor de manutenção,44,32060825921
Marcelo Monteiro Martins,marcelo.monteiro.martins.21614@example.com,Curitiba,Vendedor,62,46865400994
Débora Araújo Oliveira,debora.araujo.oliveira.21615@example.com,Brasília,Supervisor de atendimento,60,24059700572
Patrícia Fernandes Costa,patricia.fernandes.costa.21616@example.com,Maringá,Atendente,28,16501413956
Gustavo Oliveira Monteiro,gustavo.oliveira.monteiro.21617@example.com,São Paulo,Professor,67,35588419952
João Nascimento Carvalho,joao.nascimento.carvalho.21618@example.com,São Paulo,Motorista,35,88424514760
Gustavo Moreira Gomes,gustavo.moreira.gomes.21619@example.com,Rondonópolis,Analista financeiro,46,01127011593
Pedro Costa Castro,pedro.costa.castro.21620@example.com,Fortaleza,Professor,37,13551423090
Amanda Rodrigues Costa,amanda.rodrigues.costa.21621@example.com,Londrina,Supervisor de atendimento,26,38933737851
Igor Freitas Pereira,igor.freitas.pereira.21622@example.com,Joinville,Líder de equipe,27,04729992175
Aline Dias Barros,aline.dias.barros.21623@example.com,Recife,Técnico de segurança do trabalho,20,58312152329
Luana Rodrigues Rodrigues,luana.rodrigues.rodrigues.21624@example.com,Goiânia,Comprador,45,62065665509
Carlos Dias Monteiro,carlos.dias.monteiro.21625@example.com,Niterói,Técnico em informática,47,37508880948
Eduardo Nascimento Araújo,eduardo.nascimento.araujo.21626@example.com,Rondonópolis,Motorista,47,10200736749
Nicolas Carvalho Castro,nicolas.carvalho.castro.21627@example.com,Sorocaba,Farmacêutico,52,08508030529
Thiago Moreira Silva,thiago.moreira.silva.21628@example.com,Salvador,Gerente de operações,44,11783196701
Vanessa Barbosa Carvalho,vanessa.barbosa.carvalho.21629@example.com,Santos,Supervisor de qualidade,32,55921800466
Simone Martins Rocha,simone.martins.rocha.21630@example.com,Manaus,Designer gráfico,66,18016530343
Mariana Fernandes Mendes,mariana.fernandes.mendes.21631@example.com,Recife,Gerente de recursos humanos,64,26874301406
Amanda Barros Monteiro,amanda.barros.monteiro.21632@example.com,Niterói,Analista de recursos humanos,34,13694748177
João Barbosa Mendes,joao.barbosa.mendes.21633@example.com,Rio de Janeiro,Contador,70,96463248912
Mariana Gomes Pereira,mariana.gomes.pereira.21634@example.com,Manaus,Advogado,20,29444935068
Camila Martins Barros,camila.martins.barros.21635@example.com,Belo Horizonte,Gerente de tecnologia,34,90888703535
Mariana Barros Oliveira,mariana.barros.oliveira.21636@example.com,Maringá,Engenheiro civil,67,08712964099
Amanda Nascimento Araújo,amanda.nascimento.araujo.21637@example.com,Recife,Chefe de departamento pessoal,53,16210160859
Ricardo Lima Souza,ricardo.lima.souza.21638@example.com,Goiânia,Chefe de almoxarifado,52,34130002592
Vanessa Teixeira Pereira,vanessa.teixeira.pereira.21639@example.com,Niterói,Arquiteto,43,59662519268
Leonardo Castro Moreira,leonardo.castro.moreira.21640@example.com,Brasília,Supervisor de qualidade,65,83334253179
Otávio Araújo Nascimento,otavio.araujo.nascimento.21641@example.com,Rio de Janeiro,Jornalista,20,82074227889
Rafael Barros Silva,rafael.barros.silva.21642@example.com,Caxias do Sul,Chefe de compras,69,61199467798
Larissa Costa Barbosa,larissa.costa.barbosa.21643@example.com,Rio de Janeiro,Fisioterapeuta,37,52073274949
Igor Araújo Castro,igor.araujo.castro.21644@example.com,Porto Alegre,Técnico de segurança do trabalho,70,57424362979
Amanda Lima Freitas,amanda.lima.freitas.21645@example.com,Santos,Técnico de segurança do trabalho,36,46056804196
Ricardo Teixeira Monteiro,ricardo.teixeira.monteiro.21646@example.com,Fortaleza,Enfermeiro,57,94916874108
Igor Barbosa Barbosa,igor.barbosa.barbosa.21647@example.com,Dourados,Nutricionista,67,56049674847
Aline Teixeira Silva,aline.teixeira.silva.21648@example.com,Cuiabá,Engenheiro civil,24,34134146453
Simone Rocha Cardoso,simone.rocha.cardoso.21649@example.com,Dourados,Comprador,61,53575984302
Ana Souza Santos,ana.souza.santos.21650@example.com,Fortaleza,Coordenador de produção,24,48891789679
Gustavo Araújo Ribeiro,gustavo.araujo.ribeiro.21651@example.com,Recife,Motorista,47,76164055905
Otávio Mendes Silva,otavio.mendes.silva.21652@example.com,Florianópolis,Gerente financeiro,48,46844773769
Gabriela Nascimento Ribeiro,gabriela.nascimento.ribeiro.21653@example.com,Goiânia,Motorista,37,73810269514
Gabriela Moreira Barbosa,gabriela.moreira.barbosa.21654@example.com,Santos,Fisioterapeuta,44,23807273463
Renata Gomes Rodrigues,renata.gomes.rodrigues.21655@example.com,Goiânia,Supervisor de qualidade,68,81997387989
Letícia Oliveira Carvalho,leticia.oliveira.carvalho.21656@example.com,Manaus,Jornalista,51,14991064245
Vanessa Carvalho Mendes,vanessa.carvalho.mendes.21657@example.com,Rio de Janeiro,Corretor de imóveis,50,73164752272
Tatiane Araújo Araújo,tatiane.araujo.araujo.21658@example.com,Natal,Assistente administrativo,60,83236436045
Sérgio Rocha Castro,sergio.rocha.castro.21659@example.com,Dourados,Jornalista,55,86451064794
Camila Gomes Barros,camila.gomes.barros.21660@example.com,Goiânia,Pedreiro,64,87003102289
Eduardo Dias Cardoso,eduardo.dias.cardoso.21661@example.com,Santos,Gerente comercial,36,30237609826
Rafael Freitas Castro,rafael.freitas.castro.21662@example.com,Florianópolis,Assistente administrativo,59,27197957540
Pedro Barbosa Barros,pedro.barbosa.barros.21663@example.com,São Paulo,Farmacêutico,35,45749391520
Larissa Alves Costa,larissa.alves.costa.21664@example.com,Florianópolis,Gerente de tecnologia,45,49133536854
Carlos Freitas Martins,carlos.freitas.martins.21665@example.com,Niterói,Programador,37,99264135173
Vinícius Rodrigues Nascimento,vinicius.rodrigues.nascimento.21666@example.com,Vitória,Vendedor,43,04983725087
Marcelo Alves Pereira,marcelo.alves.pereira.21667@example.com,Niterói,Encarregado de produção,64,02586335311
Amanda Rocha Teixeira,amanda.rocha.teixeira.21668@example.com,Vitória,Analista financeiro,20,63957926519
Diego Monteiro Castro,diego.monteiro.castro.21669@example.com,Belém,Coordenador de produção,52,01248646645
Pedro Mendes Teixeira,pedro.mendes.teixeira.21670@example.com,Salvador,Analista financeiro,62,87959868637
João Silva Ribeiro,joao.silva.ribeiro.21671@example.com,Uberlândia,Supervisor de vendas,28,04971087896
Pedro Cardoso Silva,pedro.cardoso.silva.21672@example.com,Manaus,Eletricista,68,76107380896
Vanessa Martins Pereira,vanessa.martins.pereira.21673@example.com,Salvador,Assistente comercial,41,06957339521
Ana Nascimento Oliveira,ana.nascimento.oliveira.21674@example.com,Niterói,Operador de caixa,21,96364055082
Juliana Costa Pereira,juliana.costa.pereira.21675@example.com,Goiânia,Cozinheiro,54,24939488955
Thiago Ribeiro Barbosa,thiago.ribeiro.barbosa.21676@example.com,São Paulo,Advogado,48,11389930287
Ana Moreira Castro,ana.moreira.castro.21677@example.com,Recife,Analista de recursos humanos,23,19067682171
Vanessa Gomes Teixeira,vanessa.gomes.teixeira.21678@example.com,Florianópolis,Coordenador de produção,61,87642009980
Sérgio Souza Costa,sergio.souza.costa.21679@example.com,Belo Horizonte,Técnico em informática,64,09524350308
Gustavo Dias Cardoso,gustavo.dias.cardoso.21680@example.com,Recife,Comprador,62,89695480803
Marcelo Almeida Cardoso,marcelo.almeida.cardoso.21681@example.com,Florianópolis,Corretor de imóveis,45,02368617424
Priscila Rodrigues Freitas,priscila.rodrigues.freitas.21682@example.com,Caxias do Sul,Corretor de imóveis,60,02503209375
Fernanda Cardoso Fernandes,fernanda.cardoso.fernandes.21683@example.com,Vitória,Advogado,69,98426024294
Luana Rocha Costa,luana.rocha.costa.21684@example.com,Sorocaba,Eletricista,41,28463085415
Amanda Teixeira Teixeira,amanda.teixeira.teixeira.21685@example.com,Dourados,Jornalista,58,24814531943
Diego Castro Teixeira,diego.castro.teixeira.21686@example.com,Cuiabá,Cozinheiro,54,93793317408
Mariana Freitas Teixeira,mariana.freitas.teixeira.21687@example.com,Manaus,Programador,48,69817379329
Nicolas Oliveira Souza,nicolas.oliveira.souza.21688@example.com,Porto Alegre,Corretor de imóveis,55,97014967719
Paulo Souza Nascimento,paulo.souza.nascimento.21689@example.com,Belo Horizonte,Nutricionista,66,57244940931
Pedro Dias Dias,pedro.dias.dias.21690@example.com,Belém,Técnico em informática,22,64245746146
Sérgio Freitas Almeida,sergio.freitas.almeida.21691@example.com,Rio de Janeiro,Atendente,61,01977640317
Vitória Gomes Pereira,vitoria.gomes.pereira.21692@example.com,Belém,Operador de caixa,61,73237682611
Ricardo Rocha Gomes,ricardo.rocha.gomes.21693@example.com,Florianópolis,Auxiliar de produção,67,16636196384
Priscila Teixeira Martins,priscila.teixeira.martins.21694@example.com,Natal,Gerente de recursos humanos,69,41944701387
Renata Almeida Costa,renata.almeida.costa.21695@example.com,Dourados,Corretor de imóveis,58,54417898380
Renata Costa Cardoso,renata.costa.cardoso.21696@example.com,Manaus,Analista de dados,45,50137003137
Otávio Barros Gomes,otavio.barros.gomes.21697@example.com,Santos,Analista de recursos humanos,52,32359596336
Vinícius Cardoso Nascimento,vinicius.cardoso.nascimento.21698@example.com,Cuiabá,Gerente de recursos humanos,57,84713036388
Patrícia Moreira Alves,patricia.moreira.alves.21699@example.com,Joinville,Operador de caixa,57,46388771524
Carlos Nascimento Lima,carlos.nascimento.lima.21700@example.com,Londrina,Assistente administrativo,26,96448675810
Igor Fernandes Moreira,igor.fernandes.moreira.21701@example.com,Maringá,Estoquista,36,89383969090
Gabriel Costa Dias,gabriel.costa.dias.21702@example.com,Santos,Encarregado de produção,51,45149435376
Gabriela Castro Freitas,gabriela.castro.freitas.21703@example.com,Fortaleza,Líder de equipe,50,49412278326
Leonardo Mendes Araújo,leonardo.mendes.araujo.21704@example.com,Joinville,Comprador,68,43953539340
Débora Carvalho Santos,debora.carvalho.santos.21705@example.com,Cuiabá,Mecânico,62,25882222748
Diego Mendes Carvalho,diego.mendes.carvalho.21706@example.com,Goiânia,Recepcionista,49,34382703492
Mariana Almeida Monteiro,mariana.almeida.monteiro.21707@example.com,Salvador,Assistente comercial,48,60728512216
Eduardo Cardoso Fernandes,eduardo.cardoso.fernandes.21708@example.com,Joinville,Motorista,34,71206260603
Felipe Silva Rodrigues,felipe.silva.rodrigues.21709@example.com,Maringá,Fisioterapeuta,69,13364010802
Ricardo Ribeiro Teixeira,ricardo.ribeiro.teixeira.21710@example.com,Belém,Auxiliar de produção,62,77931254490
Pedro Oliveira Santos,pedro.oliveira.santos.21711@example.com,Campinas,Técnico de enfermagem,58,82629857918
Aline Lima Mendes,aline.lima.mendes.21712@example.com,Florianópolis,Motorista,25,55333598226
Gustavo Costa Lima,gustavo.costa.lima.21713@example.com,Belém,Motorista,37,39029195699
Sérgio Ribeiro Monteiro,sergio.ribeiro.monteiro.21714@example.com,Natal,Arquiteto,61,86289564910
Henrique Souza Teixeira,henrique.souza.teixeira.21715@example.com,Campo Grande,Gerente comercial,57,21920861266
Amanda Ribeiro Costa,amanda.ribeiro.costa.21716@example.com,Curitiba,Designer gráfico,59,99184167984
Simone Mendes Costa,simone.mendes.costa.21717@example.com,São Paulo,Chefe de compras,60,97672333862
Leonardo Pereira Oliveira,leonardo.pereira.oliveira.21718@example.com,Uberlândia,Gerente financeiro,61,29566385684
Otávio Rocha Souza,otavio.rocha.souza.21719@example.com,Niterói,Supervisor de qualidade,42,33316553052
Beatriz Moreira Costa,beatriz.moreira.costa.21720@example.com,Vitória,Mecânico,57,29891797501
Lucas Teixeira Silva,lucas.teixeira.silva.21721@example.com,Sorocaba,Gerente de tecnologia,64,53721322586
Larissa Barros Araújo,larissa.barros.araujo.21722@example.com,Florianópolis,Diretor de operações,53,21191182633
Luana Barros Rodrigues,luana.barros.rodrigues.21723@example.com,Salvador,Contador,35,41494638518
Ricardo Costa Rodrigues,ricardo.costa.rodrigues.21724@example.com,Joinville,Diretor de operações,21,09231378991
Vanessa Ribeiro Carvalho,vanessa.ribeiro.carvalho.21725@example.com,Campinas,Chefe de compras,38,70309544239
Rafael Fernandes Ribeiro,rafael.fernandes.ribeiro.21726@example.com,Dourados,Contador,25,21332452220
Pedro Pereira Souza,pedro.pereira.souza.21727@example.com,Salvador,Nutricionista,36,52105876100
Gabriel Cardoso Santos,gabriel.cardoso.santos.21728@example.com,Santos,Corretor de imóveis,39,80992639940
Simone Pereira Barros,simone.pereira.barros.21729@example.com,Goiânia,Recepcionista,52,38858625293
Daniela Rocha Martins,daniela.rocha.martins.21730@example.com,Dourados,Gerente de recursos humanos,48,25504778430
Vitória Costa Ribeiro,vitoria.costa.ribeiro.21731@example.com,Vitória,Coordenador de logística,46,21376291426
Paulo Nascimento Teixeira,paulo.nascimento.teixeira.21732@example.com,Caxias do Sul,Enfermeiro,52,41619624434
Thiago Pereira Lima,thiago.pereira.lima.21733@example.com,Niterói,Analista de dados,63,52889940247
Bruno Teixeira Teixeira,bruno.teixeira.teixeira.21734@example.com,Sorocaba,Advogado,42,22099271787
Felipe Gomes Alves,felipe.gomes.alves.21735@example.com,Dourados,Comprador,21,73059925193
José Moreira Rodrigues,jose.moreira.rodrigues.21736@example.com,Belo Horizonte,Supervisor de atendimento,18,37220856166
José Rodrigues Santos,jose.rodrigues.santos.21737@example.com,São Paulo,Coordenador de logística,68,94222466086
Débora Martins Alves,debora.martins.alves.21738@example.com,Manaus,Vendedor,65,32932639350
Felipe Freitas Silva,felipe.freitas.silva.21739@example.com,Porto Alegre,Pedreiro,68,56765673966
Mariana Gomes Barros,mariana.gomes.barros.21740@example.com,Rondonópolis,Auxiliar de produção,66,12001684324
Aline Silva Teixeira,aline.silva.teixeira.21741@example.com,Natal,Chefe de almoxarifado,45,49330443065
Leonardo Castro Nascimento,leonardo.castro.nascimento.21742@example.com,Natal,Recepcionista,61,54456838920
Larissa Dias Barbosa,larissa.dias.barbosa.21743@example.com,Dourados,Chefe de almoxarifado,58,20704336458
João Ribeiro Rocha,joao.ribeiro.rocha.21744@example.com,Rondonópolis,Mecânico,65,05177000844
Gabriela Barbosa Gomes,gabriela.barbosa.gomes.21745@example.com,Rondonópolis,Gerente financeiro,29,39532058243
Sérgio Martins Santos,sergio.martins.santos.21746@example.com,Londrina,Técnico em informática,37,52925776846
Felipe Barros Costa,felipe.barros.costa.21747@example.com,Recife,Comprador,21,48094101734
Mariana Dias Santos,mariana.dias.santos.21748@example.com,Vitória,Supervisor de qualidade,19,70381954775
Henrique Rocha Freitas,henrique.rocha.freitas.21749@example.com,Recife,Advogado,65,28231768769
Fernanda Alves Alves,fernanda.alves.alves.21750@example.com,Brasília,Enfermeiro,34,84244056992
Eduardo Ribeiro Almeida,eduardo.ribeiro.almeida.21751@example.com,Belo Horizonte,Supervisor de atendimento,47,23017340355
Felipe Castro Moreira,felipe.castro.moreira.21752@example.com,Natal,Assistente comercial,50,09908875111
Beatriz Mendes Mendes,beatriz.mendes.mendes.21753@example.com,Vitória,Atendente,52,78661570724
Rafael Lima Ribeiro,rafael.lima.ribeiro.21754@example.com,Florianópolis,Enfermeiro,48,45668574423
Fernanda Lima Carvalho,fernanda.lima.carvalho.21755@example.com,Rondonópolis,Técnico de segurança do trabalho,33,04836046985
Letícia Castro Castro,leticia.castro.castro.21756@example.com,Londrina,Supervisor de manutenção,18,47466337581
Tatiane Barros Fernandes,tatiane.barros.fernandes.21757@example.com,Natal,Vendedor,19,08241729827
Diego Nascimento Almeida,diego.nascimento.almeida.21758@example.com,Niterói,Coordenador de marketing,36,86273626255
Thiago Monteiro Cardoso,thiago.monteiro.cardoso.21759@example.com,Sorocaba,Fisioterapeuta,59,29146285461
Otávio Almeida Mendes,otavio.almeida.mendes.21760@example.com,São Paulo,Líder de equipe,51,53704752725
Marcelo Araújo Martins,marcelo.araujo.martins.21761@example.com,Salvador,Analista de dados,51,92442824977
Ricardo Moreira Silva,ricardo.moreira.silva.21762@example.com,Natal,Cozinheiro,23,99716229270
Gustavo Almeida Mendes,gustavo.almeida.mendes.21763@example.com,Rondonópolis,Chefe de departamento pessoal,27,41930505328
Paulo Alves Freitas,paulo.alves.freitas.21764@example.com,Belo Horizonte,Supervisor de qualidade,40,91096009057
João Ribeiro Barbosa,joao.ribeiro.barbosa.21765@example.com,Rondonópolis,Cozinheiro,61,85582093558
Fernanda Rodrigues Mendes,fernanda.rodrigues.mendes.21766@example.com,Cuiabá,Recepcionista,66,70907581890
Carlos Cardoso Santos,carlos.cardoso.santos.21767@example.com,Londrina,Gerente de operações,59,12376634928
Simone Martins Teixeira,simone.martins.teixeira.21768@example.com,Sorocaba,Coordenador administrativo,62,31326140883
Igor Silva Cardoso,igor.silva.cardoso.21769@example.com,Manaus,Líder de equipe,44,71611252512
Amanda Santos Ribeiro,amanda.santos.ribeiro.21770@example.com,Brasília,Advogado,55,10309183633
Aline Santos Ribeiro,aline.santos.ribeiro.21771@example.com,Uberlândia,Gerente de recursos humanos,57,26442215407
Ana Souza Pereira,ana.souza.pereira.21772@example.com,Salvador,Analista de marketing,19,09039523302
Camila Araújo Gomes,camila.araujo.gomes.21773@example.com,Sorocaba,Assistente administrativo,39,72421318816
Marcelo Costa Ribeiro,marcelo.costa.ribeiro.21774@example.com,Fortaleza,Supervisor de vendas,31,08714156248
Sérgio Ribeiro Silva,sergio.ribeiro.silva.21775@example.com,Goiânia,Enfermeiro,68,30857708362
Larissa Monteiro Castro,larissa.monteiro.castro.21776@example.com,Natal,Gerente de recursos humanos,63,35531197018
Juliana Almeida Cardoso,juliana.almeida.cardoso.21777@example.com,Curitiba,Gerente de tecnologia,36,13457427971
Camila Nascimento Araújo,camila.nascimento.araujo.21778@example.com,Florianópolis,Encarregado de produção,51,68313571893
Eduardo Rodrigues Cardoso,eduardo.rodrigues.cardoso.21779@example.com,Niterói,Designer gráfico,65,36921298238
Débora Mendes Teixeira,debora.mendes.teixeira.21780@example.com,Belém,Vendedor,29,17921673561
Ana Alves Mendes,ana.alves.mendes.21781@example.com,Brasília,Chefe de departamento pessoal,33,24425912902
Igor Lima Alves,igor.lima.alves.21782@example.com,Rondonópolis,Técnico de enfermagem,24,01271974586
Priscila Alves Barros,priscila.alves.barros.21783@example.com,Rondonópolis,Encarregado de produção,43,37027218604
Otávio Araújo Rocha,otavio.araujo.rocha.21784@example.com,Rondonópolis,Cozinheiro,19,77225576617
Pedro Rocha Araújo,pedro.rocha.araujo.21785@example.com,Curitiba,Gerente comercial,28,43845157736
Carlos Barros Rodrigues,carlos.barros.rodrigues.21786@example.com,Florianópolis,Fisioterapeuta,65,64230621643
Sérgio Rodrigues Alves,sergio.rodrigues.alves.21787@example.com,Campo Grande,Coordenador administrativo,18,18353838520
Bruno Oliveira Nascimento,bruno.oliveira.nascimento.21788@example.com,Caxias do Sul,Técnico em informática,59,25938650761
Marcelo Martins Lima,marcelo.martins.lima.21789@example.com,Sorocaba,Enfermeiro,23,89391145670
Marcelo Rocha Barros,marcelo.rocha.barros.21790@example.com,Caxias do Sul,Designer gráfico,35,10970286374
Igor Costa Costa,igor.costa.costa.21791@example.com,Santos,Auxiliar de produção,24,66087452076
Leonardo Gomes Barbosa,leonardo.gomes.barbosa.21792@example.com,Joinville,Nutricionista,19,20921671565
Sérgio Araújo Pereira,sergio.araujo.pereira.21793@example.com,Goiânia,Supervisor de qualidade,57,27251890799
Fernanda Rocha Pereira,fernanda.rocha.pereira.21794@example.com,Natal,Arquiteto,29,22365699385
Fernanda Almeida Dias,fernanda.almeida.dias.21795@example.com,Curitiba,Gerente de recursos humanos,39,08249091383
Letícia Alves Barros,leticia.alves.barros.21796@example.com,Fortaleza,Fisioterapeuta,70,54239014429
Gustavo Castro Araújo,gustavo.castro.araujo.21797@example.com,Caxias do Sul,Programador,41,84084473105
Simone Moreira Souza,simone.moreira.souza.21798@example.com,Goiânia,Coordenador de marketing,59,91153335140
Ana Costa Rodrigues,ana.costa.rodrigues.21799@example.com,São Paulo,Enfermeiro,34,80624820250
Igor Oliveira Mendes,igor.oliveira.mendes.21800@example.com,Londrina,Comprador,18,88909041233
Aline Barbosa Oliveira,aline.barbosa.oliveira.21801@example.com,Campo Grande,Técnico de enfermagem,25,84979058970
José Oliveira Costa,jose.oliveira.costa.21802@example.com,Rondonópolis,Chefe de compras,52,82411285960
Thiago Freitas Souza,thiago.freitas.souza.21803@example.com,Maringá,Auxiliar de produção,50,63655022147
Nicolas Oliveira Monteiro,nicolas.oliveira.monteiro.21804@example.com,Rio de Janeiro,Enfermeiro,61,91291082810
Camila Costa Cardoso,camila.costa.cardoso.21805@example.com,Porto Alegre,Coordenador de produção,37,45668483352
Débora Mendes Gomes,debora.mendes.gomes.21806@example.com,Fortaleza,Nutricionista,40,80102380072
Otávio Mendes Castro,otavio.mendes.castro.21807@example.com,Niterói,Encarregado de produção,22,91552311320
Tatiane Teixeira Moreira,tatiane.teixeira.moreira.21808@example.com,Londrina,Supervisor de qualidade,23,17560004930
Vanessa Pereira Moreira,vanessa.pereira.moreira.21809@example.com,Rio de Janeiro,Analista de dados,26,42888536782
Vinícius Souza Mendes,vinicius.souza.mendes.21810@example.com,Maringá,Farmacêutico,70,39448877209
Sérgio Silva Fernandes,sergio.silva.fernandes.21811@example.com,Goiânia,Técnico em informática,23,94547532236
Lucas Mendes Costa,lucas.mendes.costa.21812@example.com,Goiânia,Farmacêutico,24,07105346383
Vanessa Costa Cardoso,vanessa.costa.cardoso.21813@example.com,Brasília,Contador,62,53183853217
Gustavo Lima Almeida,gustavo.lima.almeida.21814@example.com,Fortaleza,Advogado,28,36437313417
Simone Ribeiro Barbosa,simone.ribeiro.barbosa.21815@example.com,Caxias do Sul,Auxiliar de produção,22,98696598939
Lucas Alves Santos,lucas.alves.santos.21816@example.com,Uberlândia,Diretor de operações,28,86252259867
Tatiane Mendes Silva,tatiane.mendes.silva.21817@example.com,Florianópolis,Programador,24,19608409606
Renata Almeida Castro,renata.almeida.castro.21818@example.com,Vitória,Professor,38,18649209177
Rafael Martins Mendes,rafael.martins.mendes.21819@example.com,Londrina,Contador,18,36565320001
Igor Almeida Fernandes,igor.almeida.fernandes.21820@example.com,Dourados,Assistente administrativo,64,63539589329
Thiago Lima Silva,thiago.lima.silva.21821@example.com,Natal,Fisioterapeuta,39,32373018865
Otávio Lima Rocha,otavio.lima.rocha.21822@example.com,Fortaleza,Técnico em informática,70,18517729695
Letícia Teixeira Nascimento,leticia.teixeira.nascimento.21823@example.com,Salvador,Padeiro,56,24383070901
Rafael Dias Rodrigues,rafael.dias.rodrigues.21824@example.com,Caxias do Sul,Analista de marketing,38,35506414650
Luana Carvalho Mendes,luana.carvalho.mendes.21825@example.com,Salvador,Chefe de compras,33,51094898067
Ana Carvalho Santos,ana.carvalho.santos.21826@example.com,Campinas,Farmacêutico,36,47459763906
Otávio Monteiro Barros,otavio.monteiro.barros.21827@example.com,Cuiabá,Gerente de recursos humanos,50,18929640038
Amanda Almeida Rodrigues,amanda.almeida.rodrigues.21828@example.com,Cuiabá,Supervisor de vendas,44,17144107178
Sérgio Gomes Almeida,sergio.gomes.almeida.21829@example.com,Maringá,Líder de equipe,20,20214124414
Diego Costa Araújo,diego.costa.araujo.21830@example.com,Uberlândia,Advogado,33,96260565313
Eduardo Rodrigues Alves,eduardo.rodrigues.alves.21831@example.com,Salvador,Diretor comercial,36,97474699764
Priscila Nascimento Silva,priscila.nascimento.silva.21832@example.com,Niterói,Chefe de departamento pessoal,36,59974090887
Ana Nascimento Freitas,ana.nascimento.freitas.21833@example.com,Goiânia,Assistente administrativo,51,82008315543
Vitória Cardoso Rodrigues,vitoria.cardoso.rodrigues.21834@example.com,Porto Alegre,Líder de equipe,53,08641669044
Gabriela Santos Martins,gabriela.santos.martins.21835@example.com,Niterói,Designer gráfico,63,60236864791
Amanda Barbosa Teixeira,amanda.barbosa.teixeira.21836@example.com,Maringá,Comprador,33,53696758032
Pedro Martins Gomes,pedro.martins.gomes.21837@example.com,Joinville,Recepcionista,40,76558767289
Larissa Oliveira Almeida,larissa.oliveira.almeida.21838@example.com,Brasília,Designer gráfico,64,95706646755
Daniela Barros Carvalho,daniela.barros.carvalho.21839@example.com,Manaus,Padeiro,29,58764855346
Simone Barros Moreira,simone.barros.moreira.21840@example.com,Manaus,Auxiliar de produção,55,85210604290
Ricardo Oliveira Nascimento,ricardo.oliveira.nascimento.21841@example.com,Natal,Gerente de operações,42,11498595845
Daniela Castro Nascimento,daniela.castro.nascimento.21842@example.com,Natal,Professor,47,93962287281
Renata Moreira Monteiro,renata.moreira.monteiro.21843@example.com,Manaus,Advogado,66,82933731753
Vanessa Castro Barbosa,vanessa.castro.barbosa.21844@example.com,Santos,Auxiliar de produção,36,95968950231
Leonardo Moreira Costa,leonardo.moreira.costa.21845@example.com,Brasília,Supervisor de qualidade,29,41496989413
Carolina Pereira Santos,carolina.pereira.santos.21846@example.com,Joinville,Analista financeiro,18,70815370462
Vinícius Rodrigues Alves,vinicius.rodrigues.alves.21847@example.com,Dourados,Auxiliar de produção,48,49251037205
Juliana Barbosa Almeida,juliana.barbosa.almeida.21848@example.com,Fortaleza,Enfermeiro,61,12663344421
Rafael Nascimento Freitas,rafael.nascimento.freitas.21849@example.com,Campinas,Assistente comercial,37,18703895703
Eduardo Oliveira Fernandes,eduardo.oliveira.fernandes.21850@example.com,Londrina,Encarregado de produção,32,04002505284
Rafael Monteiro Nascimento,rafael.monteiro.nascimento.21851@example.com,São Paulo,Contador,28,04379900394
Fernanda Oliveira Pereira,fernanda.oliveira.pereira.21852@example.com,Campo Grande,Gerente de tecnologia,51,18143854850
Beatriz Souza Silva,beatriz.souza.silva.21853@example.com,Santos,Motorista,59,34793346566
Igor Almeida Oliveira,igor.almeida.oliveira.21854@example.com,Fortaleza,Assistente administrativo,60,39444718851
Vanessa Moreira Rodrigues,vanessa.moreira.rodrigues.21855@example.com,Londrina,Estoquista,27,74338102044
Simone Cardoso Costa,simone.cardoso.costa.21856@example.com,Uberlândia,Analista financeiro,60,99254213137
Otávio Rodrigues Barbosa,otavio.rodrigues.barbosa.21857@example.com,Natal,Vendedor,59,01727557610
Vitória Araújo Martins,vitoria.araujo.martins.21858@example.com,Belo Horizonte,Auxiliar de produção,49,57174265236
Mariana Martins Freitas,mariana.martins.freitas.21859@example.com,Brasília,Gerente de recursos humanos,55,16712812387
Mariana Ribeiro Santos,mariana.ribeiro.santos.21860@example.com,Caxias do Sul,Designer gráfico,46,68767502967
Tatiane Freitas Cardoso,tatiane.freitas.cardoso.21861@example.com,Brasília,Chefe de departamento pessoal,26,50637655996
Patrícia Barbosa Almeida,patricia.barbosa.almeida.21862@example.com,Manaus,Encarregado de produção,20,55599125133
Bruno Silva Araújo,bruno.silva.araujo.21863@example.com,Caxias do Sul,Nutricionista,51,70712893331
Daniela Monteiro Martins,daniela.monteiro.martins.21864@example.com,Uberlândia,Técnico em informática,47,13821676631
Vanessa Dias Pereira,vanessa.dias.pereira.21865@example.com,Florianópolis,Nutricionista,24,27096196425
Diego Martins Nascimento,diego.martins.nascimento.21866@example.com,Belo Horizonte,Diretor comercial,21,98771786571
Rafael Costa Almeida,rafael.costa.almeida.21867@example.com,Londrina,Engenheiro civil,30,08732654002
Rafael Carvalho Lima,rafael.carvalho.lima.21868@example.com,Porto Alegre,Professor,43,46634557708
Ana Almeida Nascimento,ana.almeida.nascimento.21869@example.com,Porto Alegre,Pedreiro,22,79916258580
Felipe Nascimento Freitas,felipe.nascimento.freitas.21870@example.com,Curitiba,Analista de recursos humanos,56,83729122611
Carolina Rocha Barros,carolina.rocha.barros.21871@example.com,Belo Horizonte,Estoquista,34,05882404504
Amanda Fernandes Teixeira,amanda.fernandes.teixeira.21872@example.com,Caxias do Sul,Gerente de recursos humanos,57,24710686565
Amanda Silva Nascimento,amanda.silva.nascimento.21873@example.com,Natal,Designer gráfico,50,34028444498
Lucas Ribeiro Araújo,lucas.ribeiro.araujo.21874@example.com,Niterói,Gerente de tecnologia,43,75370926084
Camila Castro Alves,camila.castro.alves.21875@example.com,Rondonópolis,Gerente de recursos humanos,18,98515251197
Débora Lima Almeida,debora.lima.almeida.21876@example.com,Goiânia,Nutricionista,55,31357581974
Débora Barbosa Nascimento,debora.barbosa.nascimento.21877@example.com,Natal,Estoquista,49,60185429939
José Castro Gomes,jose.castro.gomes.21878@example.com,Porto Alegre,Técnico de enfermagem,59,40348290612
Sérgio Nascimento Cardoso,sergio.nascimento.cardoso.21879@example.com,Recife,Diretor comercial,70,35056291030
Thiago Martins Cardoso,thiago.martins.cardoso.21880@example.com,Natal,Arquiteto,41,97971099694
Thiago Ribeiro Rodrigues,thiago.ribeiro.rodrigues.21881@example.com,Londrina,Atendente,56,80169847876
Pedro Cardoso Costa,pedro.cardoso.costa.21882@example.com,Caxias do Sul,Professor,23,65493251231
Bruno Fernandes Rodrigues,bruno.fernandes.rodrigues.21883@example.com,Dourados,Analista financeiro,35,07298496117
Carolina Alves Fernandes,carolina.alves.fernandes.21884@example.com,Natal,Analista de recursos humanos,44,92080064115
Vinícius Cardoso Gomes,vinicius.cardoso.gomes.21885@example.com,Natal,Líder de equipe,45,96447638060
Letícia Pereira Silva,leticia.pereira.silva.21886@example.com,Campinas,Gerente comercial,18,01176910940
Renata Alves Gomes,renata.alves.gomes.21887@example.com,Rondonópolis,Assistente administrativo,46,46107257303
Leonardo Mendes Castro,leonardo.mendes.castro.21888@example.com,Fortaleza,Coordenador administrativo,69,18019128574
Eduardo Ribeiro Monteiro,eduardo.ribeiro.monteiro.21889@example.com,Belo Horizonte,Designer gráfico,34,15601882674
Amanda Alves Nascimento,amanda.alves.nascimento.21890@example.com,Caxias do Sul,Estoquista,57,13947202162
Eduardo Oliveira Araújo,eduardo.oliveira.araujo.21891@example.com,Brasília,Auxiliar de produção,22,02161585221
Simone Mendes Araújo,simone.mendes.araujo.21892@example.com,Rondonópolis,Gerente de recursos humanos,23,89615118941
Mariana Pereira Rodrigues,mariana.pereira.rodrigues.21893@example.com,Goiânia,Atendente,42,76861249244
José Martins Dias,jose.martins.dias.21894@example.com,Porto Alegre,Coordenador administrativo,68,25079579766
Igor Barbosa Gomes,igor.barbosa.gomes.21895@example.com,Brasília,Contador,47,66057450346
Débora Silva Moreira,debora.silva.moreira.21896@example.com,Manaus,Assistente administrativo,67,60653898899
Mariana Monteiro Ribeiro,mariana.monteiro.ribeiro.21897@example.com,Uberlândia,Técnico de enfermagem,66,79012979188
Priscila Rocha Oliveira,priscila.rocha.oliveira.21898@example.com,Londrina,Gerente comercial,30,26521175987
Otávio Rocha Rocha,otavio.rocha.rocha.21899@example.com,São Paulo,Chefe de almoxarifado,69,59720452922
José Moreira Castro,jose.moreira.castro.21900@example.com,Campo Grande,Fisioterapeuta,52,38300449169
Fernanda Lima Monteiro,fernanda.lima.monteiro.21901@example.com,Londrina,Analista de recursos humanos,23,38497528048
Marcelo Gomes Barbosa,marcelo.gomes.barbosa.21902@example.com,Maringá,Gerente de recursos humanos,30,38230367439
Mariana Santos Nascimento,mariana.santos.nascimento.21903@example.com,Cuiabá,Advogado,62,59338959223
Lucas Araújo Gomes,lucas.araujo.gomes.21904@example.com,Caxias do Sul,Supervisor de atendimento,47,47667405097
Lucas Nascimento Castro,lucas.nascimento.castro.21905@example.com,Joinville,Contador,26,06575506543
Marcelo Silva Silva,marcelo.silva.silva.21906@example.com,Belém,Analista de recursos humanos,42,25833724977
Mariana Nascimento Gomes,mariana.nascimento.gomes.21907@example.com,Belém,Coordenador de marketing,18,04604391528
Marcelo Fernandes Cardoso,marcelo.fernandes.cardoso.21908@example.com,Rio de Janeiro,Jornalista,26,22639963536
Vinícius Almeida Martins,vinicius.almeida.martins.21909@example.com,Campo Grande,Corretor de imóveis,64,50878057613
Vanessa Silva Mendes,vanessa.silva.mendes.21910@example.com,Recife,Mecânico,33,82873695460
Larissa Almeida Nascimento,larissa.almeida.nascimento.21911@example.com,Sorocaba,Supervisor de manutenção,60,52698341652
Larissa Castro Nascimento,larissa.castro.nascimento.21912@example.com,Caxias do Sul,Fisioterapeuta,51,26748432033
José Rodrigues Barbosa,jose.rodrigues.barbosa.21913@example.com,Goiânia,Gerente de operações,44,82746374330
Renata Silva Santos,renata.silva.santos.21914@example.com,Niterói,Analista de dados,51,33092911352
Vitória Teixeira Martins,vitoria.teixeira.martins.21915@example.com,Campinas,Supervisor de atendimento,70,78091399146
Gabriel Moreira Rocha,gabriel.moreira.rocha.21916@example.com,Joinville,Coordenador de logística,45,90510768321
Daniela Dias Lima,daniela.dias.lima.21917@example.com,Curitiba,Enfermeiro,59,86764176270
Eduardo Rocha Gomes,eduardo.rocha.gomes.21918@example.com,Brasília,Coordenador administrativo,45,64819614341
Mariana Carvalho Nascimento,mariana.carvalho.nascimento.21919@example.com,Sorocaba,Coordenador de produção,41,28919956907
Carolina Araújo Rocha,carolina.araujo.rocha.21920@example.com,Cuiabá,Professor,68,53018112737
Vanessa Teixeira Rocha,vanessa.teixeira.rocha.21921@example.com,Sorocaba,Coordenador de marketing,55,07000530633
Gustavo Gomes Pereira,gustavo.gomes.pereira.21922@example.com,Niterói,Coordenador administrativo,31,19165840444
Sérgio Alves Costa,sergio.alves.costa.21923@example.com,Recife,Gerente financeiro,42,25011531820
João Almeida Almeida,joao.almeida.almeida.21924@example.com,Uberlândia,Chefe de departamento pessoal,40,77155907306
Gabriel Pereira Almeida,gabriel.pereira.almeida.21925@example.com,Cuiabá,Professor,43,30099685627
Pedro Carvalho Martins,pedro.carvalho.martins.21926@example.com,Santos,Gerente de tecnologia,51,54980889814
Ana Teixeira Santos,ana.teixeira.santos.21927@example.com,Florianópolis,Assistente administrativo,70,29827189191
Rafael Costa Araújo,rafael.costa.araujo.21928@example.com,Brasília,Analista financeiro,19,52339236900
Letícia Almeida Oliveira,leticia.almeida.oliveira.21929@example.com,Santos,Advogado,47,89939036308
Nicolas Almeida Oliveira,nicolas.almeida.oliveira.21930@example.com,Uberlândia,Recepcionista,41,57750392971
Ricardo Monteiro Monteiro,ricardo.monteiro.monteiro.21931@example.com,Londrina,Gerente de recursos humanos,49,34152553000
Mariana Rocha Lima,mariana.rocha.lima.21932@example.com,Caxias do Sul,Advogado,29,93303267379
Marcelo Monteiro Carvalho,marcelo.monteiro.carvalho.21933@example.com,Vitória,Analista de recursos humanos,23,10581264938
Beatriz Lima Freitas,beatriz.lima.freitas.21934@example.com,Belo Horizonte,Gerente de recursos humanos,53,06522229288
Sandra Alves Dias,sandra.alves.dias.21935@example.com,Maringá,Técnico de enfermagem,47,10119177345
Tatiane Mendes Carvalho,tatiane.mendes.carvalho.21936@example.com,São Paulo,Analista financeiro,43,99136215038
José Fernandes Barbosa,jose.fernandes.barbosa.21937@example.com,Caxias do Sul,Chefe de compras,62,17278887970
Eduardo Mendes Mendes,eduardo.mendes.mendes.21938@example.com,Fortaleza,Engenheiro civil,60,88161677170
Gabriel Lima Pereira,gabriel.lima.pereira.21939@example.com,Belo Horizonte,Analista de marketing,37,40439429704
Nicolas Alves Almeida,nicolas.alves.almeida.21940@example.com,Campo Grande,Professor,21,20942590139
Vinícius Rocha Castro,vinicius.rocha.castro.21941@example.com,Recife,Encarregado de produção,32,11050464595
Igor Castro Carvalho,igor.castro.carvalho.21942@example.com,Manaus,Comprador,68,64683642748
José Freitas Gomes,jose.freitas.gomes.21943@example.com,Cuiabá,Recepcionista,58,63493649102
Aline Freitas Souza,aline.freitas.souza.21944@example.com,Dourados,Fisioterapeuta,45,02917051567
Daniela Martins Almeida,daniela.martins.almeida.21945@example.com,Caxias do Sul,Diretor de operações,70,41008967261
Ricardo Teixeira Fernandes,ricardo.teixeira.fernandes.21946@example.com,Goiânia,Analista de dados,20,24454581187
Thiago Ribeiro Castro,thiago.ribeiro.castro.21947@example.com,Dourados,Mecânico,25,84857154173
Paulo Nascimento Gomes,paulo.nascimento.gomes.21948@example.com,Fortaleza,Farmacêutico,30,49748597402
Beatriz Santos Araújo,beatriz.santos.araujo.21949@example.com,Caxias do Sul,Chefe de almoxarifado,59,80778570598
Priscila Cardoso Mendes,priscila.cardoso.mendes.21950@example.com,Porto Alegre,Motorista,42,11416922981
Ana Santos Barbosa,ana.santos.barbosa.21951@example.com,Cuiabá,Analista financeiro,47,09554168359
Ana Freitas Souza,ana.freitas.souza.21952@example.com,Campinas,Operador de caixa,66,84112362288
Paulo Cardoso Teixeira,paulo.cardoso.teixeira.21953@example.com,Dourados,Gerente de tecnologia,65,32083148004
José Cardoso Silva,jose.cardoso.silva.21954@example.com,Maringá,Programador,52,26179723927
Gabriel Lima Nascimento,gabriel.lima.nascimento.21955@example.com,Salvador,Coordenador de marketing,27,92020234245
Daniela Silva Souza,daniela.silva.souza.21956@example.com,Caxias do Sul,Assistente comercial,31,69969485699
Daniela Ribeiro Dias,daniela.ribeiro.dias.21957@example.com,Belo Horizonte,Farmacêutico,45,78317016603
Mariana Moreira Pereira,mariana.moreira.pereira.21958@example.com,Rondonópolis,Professor,64,02686127952
Gustavo Araújo Pereira,gustavo.araujo.pereira.21959@example.com,Niterói,Assistente administrativo,37,27402699035
Aline Rocha Lima,aline.rocha.lima.21960@example.com,Joinville,Engenheiro civil,28,53784931822
Ana Barros Pereira,ana.barros.pereira.21961@example.com,Salvador,Chefe de compras,28,45560070062
Marcelo Cardoso Santos,marcelo.cardoso.santos.21962@example.com,Curitiba,Coordenador de marketing,27,02984684018
Henrique Gomes Mendes,henrique.gomes.mendes.21963@example.com,Goiânia,Assistente comercial,27,71719404991
Henrique Barbosa Almeida,henrique.barbosa.almeida.21964@example.com,Recife,Técnico de segurança do trabalho,46,38422366194
Marcelo Martins Freitas,marcelo.martins.freitas.21965@example.com,Maringá,Auxiliar de produção,67,37649126050
Otávio Carvalho Araújo,otavio.carvalho.araujo.21966@example.com,Dourados,Arquiteto,55,70565383046
Daniela Lima Moreira,daniela.lima.moreira.21967@example.com,Natal,Coordenador de produção,56,34386219274
Thiago Barros Cardoso,thiago.barros.cardoso.21968@example.com,Rio de Janeiro,Advogado,63,96605630699
Fernanda Oliveira Carvalho,fernanda.oliveira.carvalho.21969@example.com,Manaus,Professor,62,05718410953
Camila Rocha Alves,camila.rocha.alves.21970@example.com,Campo Grande,Enfermeiro,22,07847272697
Gabriel Barbosa Teixeira,gabriel.barbosa.teixeira.21971@example.com,Belém,Técnico em informática,32,77502041441
Gabriel Rocha Santos,gabriel.rocha.santos.21972@example.com,Santos,Engenheiro civil,56,82388724967
Vinícius Lima Mendes,vinicius.lima.mendes.21973@example.com,Caxias do Sul,Supervisor de qualidade,32,01105013834
Ricardo Araújo Barros,ricardo.araujo.barros.21974@example.com,Brasília,Nutricionista,22,40961031907
Henrique Rocha Araújo,henrique.rocha.araujo.21975@example.com,Campo Grande,Coordenador de produção,35,69827436018
Leonardo Rodrigues Santos,leonardo.rodrigues.santos.21976@example.com,Rondonópolis,Programador,49,68277258324
Pedro Cardoso Martins,pedro.cardoso.martins.21977@example.com,Caxias do Sul,Engenheiro civil,60,24708988010
Ricardo Ribeiro Rocha,ricardo.ribeiro.rocha.21978@example.com,Brasília,Cozinheiro,60,70232419376
Letícia Alves Rodrigues,leticia.alves.rodrigues.21979@example.com,Curitiba,Assistente administrativo,50,78179312971
Renata Alves Castro,renata.alves.castro.21980@example.com,Joinville,Vendedor,61,83989026137
Camila Gomes Rodrigues,camila.gomes.rodrigues.21981@example.com,Caxias do Sul,Assistente administrativo,63,50637230545
Débora Mendes Ribeiro,debora.mendes.ribeiro.21982@example.com,Campo Grande,Analista financeiro,69,14643750357
Vitória Oliveira Carvalho,vitoria.oliveira.carvalho.21983@example.com,Londrina,Gerente de recursos humanos,49,98868800484
Luana Nascimento Freitas,luana.nascimento.freitas.21984@example.com,Brasília,Vendedor,33,57593545007
Otávio Almeida Moreira,otavio.almeida.moreira.21985@example.com,Uberlândia,Engenheiro civil,66,08227388520
Marcelo Monteiro Martins,marcelo.monteiro.martins.21986@example.com,Cuiabá,Líder de equipe,50,97032601816
Nicolas Almeida Teixeira,nicolas.almeida.teixeira.21987@example.com,Florianópolis,Analista de dados,26,29153720493
Carlos Fernandes Lima,carlos.fernandes.lima.21988@example.com,Porto Alegre,Jornalista,27,36113232363
Beatriz Mendes Oliveira,beatriz.mendes.oliveira.21989@example.com,Belo Horizonte,Analista de recursos humanos,60,73319783475
Thiago Mendes Araújo,thiago.mendes.araujo.21990@example.com,Manaus,Coordenador de produção,34,14064528763
Bruno Monteiro Mendes,bruno.monteiro.mendes.21991@example.com,Porto Alegre,Supervisor de vendas,54,74022209546
Carolina Mendes Alves,carolina.mendes.alves.21992@example.com,Salvador,Atendente,52,98822830795
Daniela Silva Silva,daniela.silva.silva.21993@example.com,Santos,Enfermeiro,49,94181340829
Felipe Martins Pereira,felipe.martins.pereira.21994@example.com,Joinville,Farmacêutico,48,31089222716
Simone Barbosa Oliveira,simone.barbosa.oliveira.21995@example.com,Santos,Diretor de operações,61,85739994371
Amanda Freitas Souza,amanda.freitas.souza.21996@example.com,Santos,Professor,42,94416402190
Patrícia Dias Teixeira,patricia.dias.teixeira.21997@example.com,Rondonópolis,Coordenador administrativo,19,93278451161
José Santos Araújo,jose.santos.araujo.21998@example.com,Salvador,Diretor de operações,45,62904089127
Ricardo Rocha Moreira,ricardo.rocha.moreira.21999@example.com,Niterói,Analista de recursos humanos,27,42762952105
Marcelo Lima Cardoso,marcelo.lima.cardoso.22000@example.com,Campo Grande,Pedreiro,34,62689765279
Thiago Moreira Moreira,thiago.moreira.moreira.22001@example.com,Salvador,Jornalista,63,58806671549
Igor Cardoso Souza,igor.cardoso.souza.22002@example.com,Goiânia,Operador de caixa,24,68119877218
Leonardo Ribeiro Freitas,leonardo.ribeiro.freitas.22003@example.com,Campo Grande,Coordenador administrativo,25,52448642664
Amanda Ribeiro Castro,amanda.ribeiro.castro.22004@example.com,Maringá,Professor,22,60544008805
Ricardo Moreira Teixeira,ricardo.moreira.teixeira.22005@example.com,Joinville,Gerente de recursos humanos,64,46347104124
Gabriel Lima Almeida,gabriel.lima.almeida.22006@example.com,Campinas,Técnico de enfermagem,66,52550315770
Larissa Nascimento Almeida,larissa.nascimento.almeida.22007@example.com,Campo Grande,Enfermeiro,27,97167428934
Mariana Costa Moreira,mariana.costa.moreira.22008@example.com,Santos,Gerente de tecnologia,21,53585355035
Fernanda Araújo Barros,fernanda.araujo.barros.22009@example.com,Belo Horizonte,Atendente,63,65602488652
Gabriel Araújo Costa,gabriel.araujo.costa.22010@example.com,Campinas,Coordenador de logística,64,63684020882
Fernanda Freitas Carvalho,fernanda.freitas.carvalho.22011@example.com,Porto Alegre,Assistente comercial,24,40105880698
Letícia Monteiro Rocha,leticia.monteiro.rocha.22012@example.com,Sorocaba,Comprador,70,10440275248
Pedro Ribeiro Freitas,pedro.ribeiro.freitas.22013@example.com,Manaus,Nutricionista,23,79579059440
Sérgio Barbosa Monteiro,sergio.barbosa.monteiro.22014@example.com,Salvador,Programador,30,42479037099
Gustavo Almeida Silva,gustavo.almeida.silva.22015@example.com,Dourados,Chefe de departamento pessoal,55,62655715982
Beatriz Barros Gomes,beatriz.barros.gomes.22016@example.com,Manaus,Arquiteto,62,97957104374
Bruno Silva Monteiro,bruno.silva.monteiro.22017@example.com,Belo Horizonte,Supervisor de atendimento,36,95109333932
José Gomes Oliveira,jose.gomes.oliveira.22018@example.com,Natal,Chefe de compras,58,23015078366
Leonardo Barbosa Teixeira,leonardo.barbosa.teixeira.22019@example.com,Joinville,Cozinheiro,60,27245693135
Carlos Dias Martins,carlos.dias.martins.22020@example.com,Belém,Técnico de enfermagem,38,45664815360
Fernanda Barbosa Carvalho,fernanda.barbosa.carvalho.22021@example.com,Manaus,Assistente administrativo,19,30278760798
Rafael Castro Fernandes,rafael.castro.fernandes.22022@example.com,Vitória,Coordenador administrativo,19,59543167287
Renata Costa Pereira,renata.costa.pereira.22023@example.com,Recife,Corretor de imóveis,59,77125832422
Bruno Oliveira Araújo,bruno.oliveira.araujo.22024@example.com,Fortaleza,Farmacêutico,21,34929099286
Ana Ribeiro Barros,ana.ribeiro.barros.22025@example.com,Maringá,Analista de recursos humanos,29,19285645400
Gustavo Almeida Barros,gustavo.almeida.barros.22026@example.com,Recife,Pedreiro,68,22246004487
Simone Pereira Oliveira,simone.pereira.oliveira.22027@example.com,Rondonópolis,Assistente comercial,45,40100452013
Larissa Dias Gomes,larissa.dias.gomes.22028@example.com,Campinas,Analista de marketing,54,39308362646
Beatriz Freitas Moreira,beatriz.freitas.moreira.22029@example.com,Campinas,Arquiteto,42,94089234949
Otávio Ribeiro Araújo,otavio.ribeiro.araujo.22030@example.com,Londrina,Nutricionista,51,56611296814
Mariana Rocha Nascimento,mariana.rocha.nascimento.22031@example.com,Santos,Coordenador de logística,66,43228515998
Carlos Costa Barbosa,carlos.costa.barbosa.22032@example.com,Caxias do Sul,Analista de marketing,53,80020159925
Vinícius Teixeira Almeida,vinicius.teixeira.almeida.22033@example.com,Caxias do Sul,Coordenador de produção,31,39166432684
Aline Dias Rodrigues,aline.dias.rodrigues.22034@example.com,Rondonópolis,Professor,59,47220254337
Sandra Almeida Alves,sandra.almeida.alves.22035@example.com,Campinas,Auxiliar de produção,20,20179319493
Gabriel Almeida Costa,gabriel.almeida.costa.22036@example.com,Campo Grande,Farmacêutico,24,11377201441
Vanessa Barbosa Dias,vanessa.barbosa.dias.22037@example.com,Goiânia,Chefe de departamento pessoal,44,49964893894
Vitória Mendes Souza,vitoria.mendes.souza.22038@example.com,Sorocaba,Supervisor de manutenção,45,27648442433
Priscila Moreira Carvalho,priscila.moreira.carvalho.22039@example.com,Londrina,Jornalista,50,49450031419
Carlos Teixeira Fernandes,carlos.teixeira.fernandes.22040@example.com,Salvador,Técnico em informática,47,05061081615
Fernanda Costa Freitas,fernanda.costa.freitas.22041@example.com,Cuiabá,Supervisor de manutenção,31,98693513630
Felipe Almeida Teixeira,felipe.almeida.teixeira.22042@example.com,Fortaleza,Enfermeiro,58,11024562439
Igor Gomes Moreira,igor.gomes.moreira.22043@example.com,Rondonópolis,Arquiteto,63,42981206462
Igor Barbosa Pereira,igor.barbosa.pereira.22044@example.com,Londrina,Arquiteto,67,41773405937
Bruno Alves Souza,bruno.alves.souza.22045@example.com,Curitiba,Diretor de operações,60,82394640854
Luana Araújo Gomes,luana.araujo.gomes.22046@example.com,São Paulo,Nutricionista,35,82954442284
Igor Nascimento Almeida,igor.nascimento.almeida.22047@example.com,Campo Grande,Comprador,58,10701556640
Vanessa Araújo Mendes,vanessa.araujo.mendes.22048@example.com,Rio de Janeiro,Encarregado de produção,35,76836726440
Ana Moreira Freitas,ana.moreira.freitas.22049@example.com,Maringá,Padeiro,35,55625804187
Débora Lima Teixeira,debora.lima.teixeira.22050@example.com,Santos,Coordenador de produção,37,95864865243
Amanda Alves Dias,amanda.alves.dias.22051@example.com,Fortaleza,Gerente de tecnologia,22,41018349530
Otávio Lima Rodrigues,otavio.lima.rodrigues.22052@example.com,Goiânia,Diretor comercial,38,85989957193
Aline Araújo Moreira,aline.araujo.moreira.22053@example.com,Maringá,Atendente,57,19362569752
José Silva Lima,jose.silva.lima.22054@example.com,Goiânia,Encarregado de produção,70,84632623923
Felipe Lima Moreira,felipe.lima.moreira.22055@example.com,Salvador,Motorista,26,99725089830
Ana Silva Souza,ana.silva.souza.22056@example.com,Niterói,Assistente administrativo,48,12090514534
Pedro Gomes Carvalho,pedro.gomes.carvalho.22057@example.com,Rio de Janeiro,Jornalista,65,61403622816
Gabriel Rodrigues Teixeira,gabriel.rodrigues.teixeira.22058@example.com,Niterói,Professor,63,91155010575
Simone Rodrigues Mendes,simone.rodrigues.mendes.22059@example.com,Rio de Janeiro,Gerente financeiro,36,66743576650
Daniela Castro Castro,daniela.castro.castro.22060@example.com,Sorocaba,Técnico de segurança do trabalho,45,96617294406
Ana Martins Silva,ana.martins.silva.22061@example.com,Uberlândia,Diretor comercial,41,23976617085
Gabriel Barros Oliveira,gabriel.barros.oliveira.22062@example.com,Salvador,Atendente,27,47165689749
João Teixeira Martins,joao.teixeira.martins.22063@example.com,Campo Grande,Analista de recursos humanos,47,08713889268
Nicolas Rocha Costa,nicolas.rocha.costa.22064@example.com,Sorocaba,Chefe de departamento pessoal,18,36113017270
Bruno Carvalho Dias,bruno.carvalho.dias.22065@example.com,Niterói,Atendente,57,89887242086
Gustavo Mendes Teixeira,gustavo.mendes.teixeira.22066@example.com,Campinas,Assistente comercial,55,49913621571
Tatiane Rodrigues Lima,tatiane.rodrigues.lima.22067@example.com,Curitiba,Estoquista,43,30636660339
João Oliveira Castro,joao.oliveira.castro.22068@example.com,Dourados,Coordenador de produção,31,76245456633
Bruno Souza Carvalho,bruno.souza.carvalho.22069@example.com,Cuiabá,Engenheiro civil,18,42271800298
Beatriz Ribeiro Castro,beatriz.ribeiro.castro.22070@example.com,Londrina,Técnico em informática,53,03393718442
Rafael Rocha Barros,rafael.rocha.barros.22071@example.com,Santos,Corretor de imóveis,50,02590117120
Marcelo Nascimento Souza,marcelo.nascimento.souza.22072@example.com,Curitiba,Analista de dados,45,30561868813
Larissa Gomes Dias,larissa.gomes.dias.22073@example.com,Niterói,Nutricionista,59,49260125019
Beatriz Alves Silva,beatriz.alves.silva.22074@example.com,Florianópolis,Coordenador de logística,33,35657590651
Mariana Oliveira Barbosa,mariana.oliveira.barbosa.22075@example.com,Vitória,Analista financeiro,62,95017253149
Simone Teixeira Araújo,simone.teixeira.araujo.22076@example.com,Porto Alegre,Chefe de almoxarifado,51,03901227098
Vitória Lima Almeida,vitoria.lima.almeida.22077@example.com,Florianópolis,Líder de equipe,22,50054496194
Vitória Moreira Monteiro,vitoria.moreira.monteiro.22078@example.com,Niterói,Analista de recursos humanos,35,58983168479
Diego Mendes Pereira,diego.mendes.pereira.22079@example.com,Natal,Gerente de operações,32,51219683780
Sandra Gomes Costa,sandra.gomes.costa.22080@example.com,São Paulo,Arquiteto,43,43129948216
Patrícia Costa Cardoso,patricia.costa.cardoso.22081@example.com,Goiânia,Analista de marketing,38,18808568423
Henrique Almeida Freitas,henrique.almeida.freitas.22082@example.com,Santos,Supervisor de manutenção,31,05715851752
Patrícia Nascimento Cardoso,patricia.nascimento.cardoso.22083@example.com,Uberlândia,Comprador,63,22661593262
Marcelo Rocha Teixeira,marcelo.rocha.teixeira.22084@example.com,Dourados,Contador,41,83927086300
Igor Rocha Dias,igor.rocha.dias.22085@example.com,São Paulo,Gerente financeiro,50,80679548925
Carlos Carvalho Alves,carlos.carvalho.alves.22086@example.com,Caxias do Sul,Fisioterapeuta,33,94250800137
Carolina Mendes Mendes,carolina.mendes.mendes.22087@example.com,Curitiba,Supervisor de atendimento,39,06461947735
Carolina Ribeiro Mendes,carolina.ribeiro.mendes.22088@example.com,Belém,Analista financeiro,18,20726347907
Aline Almeida Araújo,aline.almeida.araujo.22089@example.com,Belém,Pedreiro,23,33614158002
Amanda Carvalho Rodrigues,amanda.carvalho.rodrigues.22090@example.com,Florianópolis,Gerente comercial,60,59639192250
Ricardo Lima Souza,ricardo.lima.souza.22091@example.com,Belém,Gerente de operações,49,46590250573
Thiago Rodrigues Mendes,thiago.rodrigues.mendes.22092@example.com,Sorocaba,Gerente comercial,49,25029273775
Luana Monteiro Castro,luana.monteiro.castro.22093@example.com,Campo Grande,Operador de caixa,23,50449688850
Priscila Costa Cardoso,priscila.costa.cardoso.22094@example.com,Campo Grande,Nutricionista,20,72242567992
Diego Mendes Gomes,diego.mendes.gomes.22095@example.com,Uberlândia,Coordenador de logística,32,65740202432
Ricardo Monteiro Pereira,ricardo.monteiro.pereira.22096@example.com,Dourados,Chefe de departamento pessoal,42,72717973274
Igor Pereira Castro,igor.pereira.castro.22097@example.com,Vitória,Pedreiro,37,58500520654
Fernanda Teixeira Araújo,fernanda.teixeira.araujo.22098@example.com,Salvador,Corretor de imóveis,63,66893729646
Thiago Barros Oliveira,thiago.barros.oliveira.22099@example.com,Natal,Pedreiro,37,54543576803
Fernanda Pereira Ribeiro,fernanda.pereira.ribeiro.22100@example.com,Dourados,Encarregado de produção,25,45492431232
Amanda Mendes Oliveira,amanda.mendes.oliveira.22101@example.com,Campinas,Analista de marketing,58,43041597917
Rafael Oliveira Martins,rafael.oliveira.martins.22102@example.com,Belo Horizonte,Estoquista,38,52564400169
Felipe Araújo Rocha,felipe.araujo.rocha.22103@example.com,Niterói,Diretor comercial,46,35511149931
Marcelo Monteiro Nascimento,marcelo.monteiro.nascimento.22104@example.com,Goiânia,Gerente de recursos humanos,57,85941262268
Patrícia Costa Barros,patricia.costa.barros.22105@example.com,Brasília,Eletricista,39,94287047980
Pedro Nascimento Carvalho,pedro.nascimento.carvalho.22106@example.com,Londrina,Gerente comercial,56,26969321242
Marcelo Martins Almeida,marcelo.martins.almeida.22107@example.com,Rondonópolis,Supervisor de qualidade,48,56388197433
Simone Dias Martins,simone.dias.martins.22108@example.com,Salvador,Técnico de segurança do trabalho,68,76163597156
Renata Costa Ribeiro,renata.costa.ribeiro.22109@example.com,Manaus,Estoquista,38,09284623576
Paulo Nascimento Moreira,paulo.nascimento.moreira.22110@example.com,Belo Horizonte,Arquiteto,58,63162241922
Fernanda Barbosa Araújo,fernanda.barbosa.araujo.22111@example.com,Rio de Janeiro,Vendedor,59,36769245843
Marcelo Araújo Dias,marcelo.araujo.dias.22112@example.com,Santos,Comprador,26,04063560435
Pedro Freitas Pereira,pedro.freitas.pereira.22113@example.com,Salvador,Pedreiro,26,01227309366
Marcelo Costa Freitas,marcelo.costa.freitas.22114@example.com,Rio de Janeiro,Nutricionista,27,36198634584
Vanessa Souza Gomes,vanessa.souza.gomes.22115@example.com,Belém,Farmacêutico,26,88757481328
Thiago Pereira Souza,thiago.pereira.souza.22116@example.com,Sorocaba,Engenheiro civil,20,51115314901
Paulo Ribeiro Dias,paulo.ribeiro.dias.22117@example.com,Vitória,Gerente de tecnologia,37,56421292082
Felipe Mendes Ribeiro,felipe.mendes.ribeiro.22118@example.com,Uberlândia,Coordenador de logística,50,30625817780
José Nascimento Martins,jose.nascimento.martins.22119@example.com,Cuiabá,Enfermeiro,24,12969574762
Nicolas Moreira Carvalho,nicolas.moreira.carvalho.22120@example.com,Rondonópolis,Supervisor de qualidade,24,77671105857
Leonardo Oliveira Costa,leonardo.oliveira.costa.22121@example.com,Uberlândia,Chefe de almoxarifado,60,90684137221
Pedro Cardoso Silva,pedro.cardoso.silva.22122@example.com,Dourados,Líder de equipe,45,03775871628
Vinícius Cardoso Fernandes,vinicius.cardoso.fernandes.22123@example.com,Vitória,Fisioterapeuta,56,26782548048
Leonardo Nascimento Freitas,leonardo.nascimento.freitas.22124@example.com,Joinville,Diretor comercial,49,99947811236
Patrícia Castro Costa,patricia.castro.costa.22125@example.com,Campinas,Supervisor de atendimento,66,40771756557
Beatriz Dias Santos,beatriz.dias.santos.22126@example.com,Goiânia,Pedreiro,26,50534166751
Simone Rodrigues Monteiro,simone.rodrigues.monteiro.22127@example.com,São Paulo,Analista de recursos humanos,62,89959920410
Ana Souza Mendes,ana.souza.mendes.22128@example.com,Rio de Janeiro,Vendedor,26,90094698571
Gabriela Monteiro Rodrigues,gabriela.monteiro.rodrigues.22129@example.com,Cuiabá,Programador,54,41373054888
Carolina Gomes Barbosa,carolina.gomes.barbosa.22130@example.com,Goiânia,Supervisor de manutenção,50,51832502175
Henrique Almeida Gomes,henrique.almeida.gomes.22131@example.com,Campo Grande,Pedreiro,54,93441360151
Rafael Rocha Teixeira,rafael.rocha.teixeira.22132@example.com,Uberlândia,Gerente financeiro,39,59957347453
Carlos Gomes Alves,carlos.gomes.alves.22133@example.com,Recife,Gerente de operações,67,32189868713
Letícia Carvalho Martins,leticia.carvalho.martins.22134@example.com,Porto Alegre,Programador,18,85661902190
Fernanda Barbosa Pereira,fernanda.barbosa.pereira.22135@example.com,Curitiba,Gerente de recursos humanos,67,49003465334
Larissa Barros Araújo,larissa.barros.araujo.22136@example.com,Cuiabá,Coordenador administrativo,56,41836931005
Luana Carvalho Martins,luana.carvalho.martins.22137@example.com,Cuiabá,Líder de equipe,46,29044076825
Nicolas Souza Almeida,nicolas.souza.almeida.22138@example.com,Belo Horizonte,Enfermeiro,45,57448835128
Renata Dias Araújo,renata.dias.araujo.22139@example.com,Vitória,Nutricionista,33,29270499294
Beatriz Monteiro Rocha,beatriz.monteiro.rocha.22140@example.com,Vitória,Chefe de departamento pessoal,31,60806472588
Thiago Gomes Martins,thiago.gomes.martins.22141@example.com,Belém,Enfermeiro,46,13363111639
Renata Araújo Souza,renata.araujo.souza.22142@example.com,Santos,Técnico de segurança do trabalho,24,89049337982
Carlos Castro Dias,carlos.castro.dias.22143@example.com,Niterói,Técnico de enfermagem,32,05666540130
Gustavo Ribeiro Teixeira,gustavo.ribeiro.teixeira.22144@example.com,Recife,Técnico de segurança do trabalho,20,91289086550
Bruno Araújo Barbosa,bruno.araujo.barbosa.22145@example.com,São Paulo,Analista de recursos humanos,32,21360816902
Ana Freitas Teixeira,ana.freitas.teixeira.22146@example.com,Uberlândia,Auxiliar de produção,22,34748916870
Bruno Almeida Alves,bruno.almeida.alves.22147@example.com,São Paulo,Analista financeiro,30,59220921686
Vanessa Castro Nascimento,vanessa.castro.nascimento.22148@example.com,Belém,Farmacêutico,67,78012158054
Vinícius Alves Castro,vinicius.alves.castro.22149@example.com,Caxias do Sul,Coordenador de logística,48,26343637814
José Dias Carvalho,jose.dias.carvalho.22150@example.com,Niterói,Supervisor de manutenção,20,58749163871
Simone Freitas Oliveira,simone.freitas.oliveira.22151@example.com,Dourados,Analista financeiro,39,38635413745
Carlos Freitas Nascimento,carlos.freitas.nascimento.22152@example.com,Florianópolis,Coordenador de produção,58,38004319275
Renata Teixeira Castro,renata.teixeira.castro.22153@example.com,Dourados,Jornalista,46,16228503881
Felipe Cardoso Oliveira,felipe.cardoso.oliveira.22154@example.com,Campinas,Padeiro,54,86658035670
Fernanda Alves Castro,fernanda.alves.castro.22155@example.com,Salvador,Coordenador de produção,47,80676271386
Nicolas Santos Monteiro,nicolas.santos.monteiro.22156@example.com,Joinville,Farmacêutico,61,95567740551
Diego Rodrigues Costa,diego.rodrigues.costa.22157@example.com,Brasília,Chefe de departamento pessoal,64,06889797037
Camila Souza Barbosa,camila.souza.barbosa.22158@example.com,Natal,Assistente administrativo,46,71036583704
Lucas Lima Costa,lucas.lima.costa.22159@example.com,Natal,Padeiro,44,87913504350
Juliana Nascimento Fernandes,juliana.nascimento.fernandes.22160@example.com,Fortaleza,Nutricionista,33,74040898867
Renata Alves Freitas,renata.alves.freitas.22161@example.com,Santos,Fisioterapeuta,42,14296295151
Diego Almeida Oliveira,diego.almeida.oliveira.22162@example.com,Curitiba,Chefe de departamento pessoal,20,69428173767
Otávio Alves Barbosa,otavio.alves.barbosa.22163@example.com,São Paulo,Supervisor de vendas,59,00810108946
Daniela Costa Silva,daniela.costa.silva.22164@example.com,Belém,Nutricionista,20,46039200124
Marcelo Dias Moreira,marcelo.dias.moreira.22165@example.com,Campinas,Operador de caixa,45,74505924556
Gustavo Monteiro Ribeiro,gustavo.monteiro.ribeiro.22166@example.com,Vitória,Recepcionista,59,18309770832
José Monteiro Teixeira,jose.monteiro.teixeira.22167@example.com,Belém,Analista de marketing,50,67416969862
Henrique Monteiro Moreira,henrique.monteiro.moreira.22168@example.com,Goiânia,Analista de marketing,62,17468397552
Simone Moreira Mendes,simone.moreira.mendes.22169@example.com,Santos,Coordenador administrativo,21,27088255756
Gustavo Rodrigues Rodrigues,gustavo.rodrigues.rodrigues.22170@example.com,Campo Grande,Gerente de tecnologia,66,17356695270
Henrique Rocha Santos,henrique.rocha.santos.22171@example.com,Belo Horizonte,Arquiteto,19,79234053417
Pedro Costa Cardoso,pedro.costa.cardoso.22172@example.com,Florianópolis,Atendente,19,15791303361
Beatriz Lima Alves,beatriz.lima.alves.22173@example.com,Rio de Janeiro,Assistente comercial,29,79515062531
Marcelo Souza Barbosa,marcelo.souza.barbosa.22174@example.com,Dourados,Advogado,52,69753428931
Paulo Mendes Lima,paulo.mendes.lima.22175@example.com,Caxias do Sul,Contador,61,98529482003
Bruno Nascimento Souza,bruno.nascimento.souza.22176@example.com,Belo Horizonte,Estoquista,42,83767640168
Carlos Souza Mendes,carlos.souza.mendes.22177@example.com,Sorocaba,Coordenador de logística,35,50022633087
Letícia Dias Silva,leticia.dias.silva.22178@example.com,Goiânia,Enfermeiro,61,97787126328
Carlos Silva Pereira,carlos.silva.pereira.22179@example.com,Belo Horizonte,Coordenador de marketing,42,77845566076
Lucas Freitas Martins,lucas.freitas.martins.22180@example.com,Niterói,Analista de recursos humanos,64,77763452593
Eduardo Nascimento Dias,eduardo.nascimento.dias.22181@example.com,Brasília,Chefe de compras,70,83625215148
Ana Mendes Teixeira,ana.mendes.teixeira.22182@example.com,Fortaleza,Vendedor,43,83093871841
Henrique Alves Dias,henrique.alves.dias.22183@example.com,Natal,Técnico de segurança do trabalho,46,73682380437
Nicolas Teixeira Souza,nicolas.teixeira.souza.22184@example.com,Recife,Professor,22,72958863794
Sandra Fernandes Rodrigues,sandra.fernandes.rodrigues.22185@example.com,Sorocaba,Coordenador de produção,66,52555728903
Letícia Rocha Pereira,leticia.rocha.pereira.22186@example.com,Campinas,Gerente de tecnologia,42,11817306612
Thiago Souza Almeida,thiago.souza.almeida.22187@example.com,Campo Grande,Enfermeiro,53,78407097781
Tatiane Cardoso Lima,tatiane.cardoso.lima.22188@example.com,Vitória,Gerente de operações,63,89142783131
Bruno Pereira Santos,bruno.pereira.santos.22189@example.com,Rondonópolis,Auxiliar de produção,18,53069591455
Daniela Dias Rocha,daniela.dias.rocha.22190@example.com,Belo Horizonte,Gerente de tecnologia,37,88831199668
Sérgio Barbosa Gomes,sergio.barbosa.gomes.22191@example.com,Belém,Supervisor de manutenção,47,01427230088
Pedro Carvalho Nascimento,pedro.carvalho.nascimento.22192@example.com,Salvador,Analista de dados,61,03434699580
Juliana Silva Rocha,juliana.silva.rocha.22193@example.com,Maringá,Estoquista,47,67977342213
Mariana Rodrigues Carvalho,mariana.rodrigues.carvalho.22194@example.com,Londrina,Chefe de almoxarifado,61,51011409427
Sérgio Silva Cardoso,sergio.silva.cardoso.22195@example.com,Maringá,Chefe de departamento pessoal,65,91410218577
Marcelo Carvalho Costa,marcelo.carvalho.costa.22196@example.com,Joinville,Chefe de departamento pessoal,42,38733599202
Sandra Cardoso Nascimento,sandra.cardoso.nascimento.22197@example.com,Uberlândia,Professor,28,11389657476
Igor Lima Ribeiro,igor.lima.ribeiro.22198@example.com,Sorocaba,Eletricista,36,49623642179
Bruno Silva Costa,bruno.silva.costa.22199@example.com,Salvador,Gerente de recursos humanos,37,44689410924
Paulo Alves Barbosa,paulo.alves.barbosa.22200@example.com,Manaus,Gerente de recursos humanos,24,38777683861
Gabriela Santos Monteiro,gabriela.santos.monteiro.22201@example.com,Manaus,Enfermeiro,45,26737384022
Débora Moreira Cardoso,debora.moreira.cardoso.22202@example.com,Londrina,Diretor comercial,24,01847725347
Otávio Dias Monteiro,otavio.dias.monteiro.22203@example.com,Uberlândia,Operador de caixa,70,42775775980
Simone Monteiro Barros,simone.monteiro.barros.22204@example.com,Fortaleza,Coordenador de logística,21,95786304797
Ricardo Ribeiro Silva,ricardo.ribeiro.silva.22205@example.com,Campinas,Vendedor,38,87855437736
Paulo Rocha Silva,paulo.rocha.silva.22206@example.com,Belo Horizonte,Diretor de operações,34,54240548589
Ricardo Lima Castro,ricardo.lima.castro.22207@example.com,Recife,Auxiliar de produção,46,95758663299
Simone Fernandes Lima,simone.fernandes.lima.22208@example.com,Natal,Gerente financeiro,24,74468452708
Renata Barbosa Oliveira,renata.barbosa.oliveira.22209@example.com,Brasília,Recepcionista,55,65273311598
Carlos Pereira Fernandes,carlos.pereira.fernandes.22210@example.com,Goiânia,Gerente de tecnologia,22,99157100179
José Ribeiro Ribeiro,jose.ribeiro.ribeiro.22211@example.com,Caxias do Sul,Coordenador de produção,63,39578565710
Fernanda Barros Gomes,fernanda.barros.gomes.22212@example.com,Cuiabá,Auxiliar de produção,44,51521786669
Rafael Dias Cardoso,rafael.dias.cardoso.22213@example.com,Belo Horizonte,Supervisor de qualidade,60,62633937162
Fernanda Dias Alves,fernanda.dias.alves.22214@example.com,Goiânia,Supervisor de atendimento,70,11802522301
Paulo Alves Teixeira,paulo.alves.teixeira.22215@example.com,Niterói,Advogado,59,62315762664
Bruno Costa Souza,bruno.costa.souza.22216@example.com,Campo Grande,Assistente comercial,29,58315523948
Felipe Mendes Gomes,felipe.mendes.gomes.22217@example.com,Santos,Técnico de enfermagem,24,21585810937
Eduardo Ribeiro Nascimento,eduardo.ribeiro.nascimento.22218@example.com,Maringá,Engenheiro civil,56,49141960011
Patrícia Santos Gomes,patricia.santos.gomes.22219@example.com,Sorocaba,Eletricista,27,19543913116
Gustavo Barros Costa,gustavo.barros.costa.22220@example.com,Recife,Gerente de operações,48,32177701587
Gabriel Freitas Moreira,gabriel.freitas.moreira.22221@example.com,Cuiabá,Comprador,54,09063521257
Rafael Castro Alves,rafael.castro.alves.22222@example.com,Goiânia,Farmacêutico,58,83676769676
Renata Nascimento Freitas,renata.nascimento.freitas.22223@example.com,Campinas,Analista de dados,31,97005785544
Amanda Rodrigues Oliveira,amanda.rodrigues.oliveira.22224@example.com,Brasília,Analista de dados,33,60376385467
Daniela Mendes Costa,daniela.mendes.costa.22225@example.com,Campinas,Coordenador administrativo,61,52342140589
Rafael Souza Monteiro,rafael.souza.monteiro.22226@example.com,Joinville,Motorista,23,27817409257
Amanda Barros Alves,amanda.barros.alves.22227@example.com,Recife,Advogado,48,61441885292
Daniela Dias Fernandes,daniela.dias.fernandes.22228@example.com,Porto Alegre,Mecânico,32,39699777255
Aline Moreira Araújo,aline.moreira.araujo.22229@example.com,Salvador,Supervisor de vendas,43,15816290014
Pedro Carvalho Silva,pedro.carvalho.silva.22230@example.com,Santos,Técnico em informática,18,77826544998
Bruno Dias Moreira,bruno.dias.moreira.22231@example.com,Maringá,Professor,48,39319025966
Carlos Almeida Almeida,carlos.almeida.almeida.22232@example.com,Campinas,Técnico em informática,36,38695404353
Pedro Ribeiro Carvalho,pedro.ribeiro.carvalho.22233@example.com,Santos,Vendedor,67,61106639675
Ana Carvalho Oliveira,ana.carvalho.oliveira.22234@example.com,Curitiba,Assistente comercial,40,98387513332
Priscila Rodrigues Moreira,priscila.rodrigues.moreira.22235@example.com,Campinas,Designer gráfico,42,73043056251
Camila Gomes Freitas,camila.gomes.freitas.22236@example.com,Sorocaba,Cozinheiro,66,23019920655
Lucas Santos Barbosa,lucas.santos.barbosa.22237@example.com,Vitória,Líder de equipe,19,32750906456
Rafael Rodrigues Alves,rafael.rodrigues.alves.22238@example.com,Maringá,Recepcionista,67,27776923750
Larissa Pereira Rodrigues,larissa.pereira.rodrigues.22239@example.com,Londrina,Motorista,41,02678037232
Aline Fernandes Araújo,aline.fernandes.araujo.22240@example.com,Caxias do Sul,Coordenador administrativo,36,20805982758
Nicolas Costa Costa,nicolas.costa.costa.22241@example.com,Fortaleza,Chefe de almoxarifado,54,46604049446
Leonardo Rodrigues Teixeira,leonardo.rodrigues.teixeira.22242@example.com,Cuiabá,Padeiro,25,81471326755
Igor Rocha Alves,igor.rocha.alves.22243@example.com,Brasília,Contador,40,74443210551
Vinícius Teixeira Freitas,vinicius.teixeira.freitas.22244@example.com,Sorocaba,Coordenador de produção,24,56707844927
Camila Alves Almeida,camila.alves.almeida.22245@example.com,Rio de Janeiro,Auxiliar de produção,54,74079218000
Lucas Oliveira Gomes,lucas.oliveira.gomes.22246@example.com,Belém,Coordenador administrativo,46,85909316951
Sandra Teixeira Gomes,sandra.teixeira.gomes.22247@example.com,Dourados,Professor,21,87597707542
Sandra Alves Lima,sandra.alves.lima.22248@example.com,Belém,Estoquista,39,63511396381
Bruno Freitas Monteiro,bruno.freitas.monteiro.22249@example.com,Campo Grande,Coordenador de marketing,53,77537540230
Ricardo Souza Freitas,ricardo.souza.freitas.22250@example.com,Brasília,Motorista,52,99707018534
Letícia Alves Lima,leticia.alves.lima.22251@example.com,Cuiabá,Assistente comercial,48,02969741572
Camila Monteiro Barros,camila.monteiro.barros.22252@example.com,Belém,Técnico de segurança do trabalho,41,48146959062
Igor Mendes Barbosa,igor.mendes.barbosa.22253@example.com,Vitória,Assistente administrativo,59,02648090199
Carlos Gomes Costa,carlos.gomes.costa.22254@example.com,Recife,Vendedor,42,55708613655
Carolina Pereira Barbosa,carolina.pereira.barbosa.22255@example.com,Rio de Janeiro,Técnico em informática,52,67805557557
Mariana Cardoso Monteiro,mariana.cardoso.monteiro.22256@example.com,Belo Horizonte,Técnico em informática,59,20464404618
Vanessa Carvalho Castro,vanessa.carvalho.castro.22257@example.com,Cuiabá,Analista de recursos humanos,48,01896147926
Tatiane Ribeiro Almeida,tatiane.ribeiro.almeida.22258@example.com,Santos,Supervisor de vendas,37,07720892736
Luana Teixeira Barbosa,luana.teixeira.barbosa.22259@example.com,Belém,Gerente comercial,56,09882661702
Marcelo Alves Freitas,marcelo.alves.freitas.22260@example.com,Vitória,Auxiliar de produção,55,15732257477
Carlos Moreira Barros,carlos.moreira.barros.22261@example.com,Uberlândia,Gerente financeiro,38,91481742619
Rafael Castro Silva,rafael.castro.silva.22262@example.com,Manaus,Técnico em informática,67,60317165738
Sandra Rodrigues Dias,sandra.rodrigues.dias.22263@example.com,Niterói,Professor,55,01206873138
Débora Mendes Lima,debora.mendes.lima.22264@example.com,Maringá,Diretor de operações,43,22075478548
Fernanda Araújo Costa,fernanda.araujo.costa.22265@example.com,Sorocaba,Engenheiro civil,40,33690257895
Carolina Costa Mendes,carolina.costa.mendes.22266@example.com,Curitiba,Vendedor,42,13356363632
José Mendes Freitas,jose.mendes.freitas.22267@example.com,Campo Grande,Comprador,57,58812616736
Lucas Oliveira Lima,lucas.oliveira.lima.22268@example.com,Goiânia,Eletricista,22,84930448422
Camila Lima Cardoso,camila.lima.cardoso.22269@example.com,Florianópolis,Advogado,53,50940002175
Vanessa Silva Carvalho,vanessa.silva.carvalho.22270@example.com,Curitiba,Nutricionista,23,84273476762
Otávio Nascimento Dias,otavio.nascimento.dias.22271@example.com,Belém,Enfermeiro,19,63613749676
Gabriela Gomes Castro,gabriela.gomes.castro.22272@example.com,Recife,Padeiro,69,28769900025
Vitória Carvalho Castro,vitoria.carvalho.castro.22273@example.com,Belém,Farmacêutico,35,60232086052
Leonardo Costa Martins,leonardo.costa.martins.22274@example.com,Joinville,Gerente comercial,38,83930096943
Henrique Nascimento Monteiro,henrique.nascimento.monteiro.22275@example.com,Campo Grande,Chefe de departamento pessoal,34,20991577865
Nicolas Rocha Freitas,nicolas.rocha.freitas.22276@example.com,Campinas,Farmacêutico,37,32547586504
Felipe Dias Araújo,felipe.dias.araujo.22277@example.com,Fortaleza,Analista de marketing,23,45837504595
Leonardo Carvalho Castro,leonardo.carvalho.castro.22278@example.com,Sorocaba,Auxiliar de produção,42,77642407729
Eduardo Pereira Moreira,eduardo.pereira.moreira.22279@example.com,Curitiba,Analista de marketing,39,86072552859
Leonardo Barbosa Gomes,leonardo.barbosa.gomes.22280@example.com,Natal,Farmacêutico,60,51052256879
Bruno Castro Rodrigues,bruno.castro.rodrigues.22281@example.com,Recife,Eletricista,49,52697337151
Henrique Souza Almeida,henrique.souza.almeida.22282@example.com,Santos,Técnico em informática,48,51524197105
Daniela Oliveira Oliveira,daniela.oliveira.oliveira.22283@example.com,Manaus,Gerente de recursos humanos,58,31792274382
Felipe Castro Cardoso,felipe.castro.cardoso.22284@example.com,Recife,Programador,52,45156243884
Gabriela Nascimento Castro,gabriela.nascimento.castro.22285@example.com,Goiânia,Supervisor de atendimento,67,54425651273
Diego Moreira Souza,diego.moreira.souza.22286@example.com,Vitória,Gerente de operações,40,68505240716
Igor Castro Martins,igor.castro.martins.22287@example.com,Porto Alegre,Técnico de segurança do trabalho,33,95363977992
Juliana Nascimento Araújo,juliana.nascimento.araujo.22288@example.com,Maringá,Gerente de recursos humanos,47,53832930536
Lucas Carvalho Carvalho,lucas.carvalho.carvalho.22289@example.com,Brasília,Enfermeiro,59,69708640049
Sérgio Souza Gomes,sergio.souza.gomes.22290@example.com,Rio de Janeiro,Analista de recursos humanos,60,59781639379
Felipe Lima Oliveira,felipe.lima.oliveira.22291@example.com,Porto Alegre,Chefe de almoxarifado,41,20890205616
Vitória Teixeira Monteiro,vitoria.teixeira.monteiro.22292@example.com,Sorocaba,Comprador,30,94745895332
Eduardo Cardoso Freitas,eduardo.cardoso.freitas.22293@example.com,Campo Grande,Assistente administrativo,64,82279929439
Felipe Teixeira Costa,felipe.teixeira.costa.22294@example.com,Maringá,Supervisor de atendimento,26,21118751512
Débora Martins Santos,debora.martins.santos.22295@example.com,Uberlândia,Supervisor de manutenção,41,70160773400
Carlos Rodrigues Alves,carlos.rodrigues.alves.22296@example.com,Sorocaba,Supervisor de manutenção,41,31580740251
Nicolas Mendes Carvalho,nicolas.mendes.carvalho.22297@example.com,Florianópolis,Gerente financeiro,61,98335728375
Vitória Barbosa Silva,vitoria.barbosa.silva.22298@example.com,Campinas,Chefe de almoxarifado,64,79923722408
Gustavo Oliveira Souza,gustavo.oliveira.souza.22299@example.com,Niterói,Analista de recursos humanos,44,69372879762
Lucas Alves Dias,lucas.alves.dias.22300@example.com,Rondonópolis,Auxiliar de produção,43,09868154628
Otávio Mendes Nascimento,otavio.mendes.nascimento.22301@example.com,Uberlândia,Eletricista,19,95127853992
Tatiane Alves Monteiro,tatiane.alves.monteiro.22302@example.com,Curitiba,Coordenador de logística,20,00256109412
Vanessa Costa Silva,vanessa.costa.silva.22303@example.com,Cuiabá,Operador de caixa,38,94848745721
Daniela Freitas Martins,daniela.freitas.martins.22304@example.com,Dourados,Chefe de compras,34,11941706290
Luana Oliveira Dias,luana.oliveira.dias.22305@example.com,Cuiabá,Vendedor,59,84200788114
Sandra Ribeiro Moreira,sandra.ribeiro.moreira.22306@example.com,Belém,Advogado,49,94574882348
Sandra Alves Costa,sandra.alves.costa.22307@example.com,Uberlândia,Advogado,70,55960763454
Carolina Barbosa Freitas,carolina.barbosa.freitas.22308@example.com,Santos,Padeiro,19,39446644469
Eduardo Moreira Silva,eduardo.moreira.silva.22309@example.com,Campinas,Assistente comercial,57,43840062335
Tatiane Oliveira Carvalho,tatiane.oliveira.carvalho.22310@example.com,Curitiba,Encarregado de produção,28,39400112869
Aline Mendes Freitas,aline.mendes.freitas.22311@example.com,Fortaleza,Comprador,60,72005259146
Ana Silva Ribeiro,ana.silva.ribeiro.22312@example.com,Campo Grande,Engenheiro civil,49,11868166575
Mariana Teixeira Almeida,mariana.teixeira.almeida.22313@example.com,Natal,Fisioterapeuta,49,13181019560
Diego Mendes Gomes,diego.mendes.gomes.22314@example.com,Cuiabá,Técnico em informática,18,90218777461
Débora Gomes Silva,debora.gomes.silva.22315@example.com,Uberlândia,Chefe de almoxarifado,62,29178733426
Sandra Silva Gomes,sandra.silva.gomes.22316@example.com,Campinas,Gerente financeiro,62,21545703986
Ana Silva Rocha,ana.silva.rocha.22317@example.com,Campo Grande,Engenheiro civil,46,84337955266
Vitória Almeida Rodrigues,vitoria.almeida.rodrigues.22318@example.com,Rio de Janeiro,Professor,31,19657665767
Ricardo Souza Ribeiro,ricardo.souza.ribeiro.22319@example.com,Florianópolis,Assistente administrativo,36,50056459362
Bruno Ribeiro Pereira,bruno.ribeiro.pereira.22320@example.com,Goiânia,Mecânico,36,47351485623
Luana Araújo Santos,luana.araujo.santos.22321@example.com,Fortaleza,Analista de dados,69,54744757434
Mariana Mendes Teixeira,mariana.mendes.teixeira.22322@example.com,Florianópolis,Supervisor de manutenção,64,81853735942
Gabriela Ribeiro Costa,gabriela.ribeiro.costa.22323@example.com,Uberlândia,Técnico de segurança do trabalho,47,66530135560
Fernanda Teixeira Barros,fernanda.teixeira.barros.22324@example.com,Rio de Janeiro,Fisioterapeuta,52,60288560107
Eduardo Monteiro Moreira,eduardo.monteiro.moreira.22325@example.com,São Paulo,Atendente,47,23389224162
Rafael Araújo Nascimento,rafael.araujo.nascimento.22326@example.com,Belo Horizonte,Supervisor de qualidade,37,46803470917
Amanda Pereira Araújo,amanda.pereira.araujo.22327@example.com,Florianópolis,Advogado,21,02423390394
José Lima Almeida,jose.lima.almeida.22328@example.com,Uberlândia,Assistente comercial,44,67350503603
Ricardo Barros Silva,ricardo.barros.silva.22329@example.com,Maringá,Estoquista,21,71253290660
Priscila Santos Pereira,priscila.santos.pereira.22330@example.com,Salvador,Jornalista,34,13500737109
Diego Freitas Almeida,diego.freitas.almeida.22331@example.com,Londrina,Gerente financeiro,61,38885503280
Tatiane Almeida Cardoso,tatiane.almeida.cardoso.22332@example.com,Belém,Analista de recursos humanos,50,33009847241
Eduardo Castro Barros,eduardo.castro.barros.22333@example.com,Uberlândia,Enfermeiro,42,16136112331
Ana Rocha Nascimento,ana.rocha.nascimento.22334@example.com,Dourados,Fisioterapeuta,18,58918960694
Diego Monteiro Ribeiro,diego.monteiro.ribeiro.22335@example.com,Goiânia,Cozinheiro,22,47362104253
José Almeida Cardoso,jose.almeida.cardoso.22336@example.com,Niterói,Recepcionista,31,30186888515
Diego Castro Gomes,diego.castro.gomes.22337@example.com,Curitiba,Técnico em informática,21,29626485014
Leonardo Mendes Araújo,leonardo.mendes.araujo.22338@example.com,Belo Horizonte,Supervisor de manutenção,40,02427902984
Juliana Lima Alves,juliana.lima.alves.22339@example.com,São Paulo,Corretor de imóveis,61,48673309263
Gustavo Araújo Barbosa,gustavo.araujo.barbosa.22340@example.com,Londrina,Supervisor de vendas,45,78699566162
Lucas Freitas Rodrigues,lucas.freitas.rodrigues.22341@example.com,Porto Alegre,Técnico em informática,32,64253924908
Diego Santos Freitas,diego.santos.freitas.22342@example.com,Maringá,Técnico em informática,37,04725143761
Patrícia Freitas Teixeira,patricia.freitas.teixeira.22343@example.com,Goiânia,Motorista,21,62656258770
Mariana Oliveira Rodrigues,mariana.oliveira.rodrigues.22344@example.com,Santos,Mecânico,63,40245492920
Letícia Rodrigues Pereira,leticia.rodrigues.pereira.22345@example.com,Brasília,Coordenador administrativo,45,08311633842
Vanessa Dias Fernandes,vanessa.dias.fernandes.22346@example.com,Joinville,Padeiro,27,65326918380
Vitória Freitas Freitas,vitoria.freitas.freitas.22347@example.com,Rondonópolis,Coordenador de produção,63,62967502512
Felipe Cardoso Souza,felipe.cardoso.souza.22348@example.com,Vitória,Vendedor,58,18940164536
Juliana Fernandes Mendes,juliana.fernandes.mendes.22349@example.com,Florianópolis,Cozinheiro,58,67226222420
Priscila Alves Santos,priscila.alves.santos.22350@example.com,Belo Horizonte,Encarregado de produção,30,20909489815
Aline Lima Fernandes,aline.lima.fernandes.22351@example.com,Sorocaba,Coordenador de produção,69,11936523537
Rafael Fernandes Martins,rafael.fernandes.martins.22352@example.com,Campinas,Assistente comercial,32,23644876453
Vinícius Silva Gomes,vinicius.silva.gomes.22353@example.com,Salvador,Analista de recursos humanos,32,28504615346
Juliana Cardoso Ribeiro,juliana.cardoso.ribeiro.22354@example.com,Londrina,Advogado,47,84173552576
Fernanda Lima Barbosa,fernanda.lima.barbosa.22355@example.com,Vitória,Analista de dados,47,70732810119
João Almeida Freitas,joao.almeida.freitas.22356@example.com,Belo Horizonte,Gerente de recursos humanos,69,63807266991
Ana Silva Gomes,ana.silva.gomes.22357@example.com,Joinville,Programador,21,16288463562
Beatriz Costa Barbosa,beatriz.costa.barbosa.22358@example.com,Santos,Analista financeiro,33,07632344582
Beatriz Barbosa Ribeiro,beatriz.barbosa.ribeiro.22359@example.com,Santos,Eletricista,53,97777392134
Simone Barbosa Silva,simone.barbosa.silva.22360@example.com,Sorocaba,Engenheiro civil,18,97223004186
Diego Silva Rodrigues,diego.silva.rodrigues.22361@example.com,Brasília,Eletricista,46,79939667352
Carolina Dias Alves,carolina.dias.alves.22362@example.com,Campinas,Técnico em informática,41,57179667198
Débora Nascimento Mendes,debora.nascimento.mendes.22363@example.com,Sorocaba,Supervisor de atendimento,18,98106768507
Eduardo Moreira Araújo,eduardo.moreira.araujo.22364@example.com,Rondonópolis,Chefe de compras,41,32163468492
Aline Cardoso Pereira,aline.cardoso.pereira.22365@example.com,Belém,Estoquista,56,92295642897
Patrícia Santos Oliveira,patricia.santos.oliveira.22366@example.com,Florianópolis,Estoquista,67,23120715459
Aline Cardoso Pereira,aline.cardoso.pereira.22367@example.com,Niterói,Vendedor,55,94004240339
Ana Souza Dias,ana.souza.dias.22368@example.com,Rondonópolis,Cozinheiro,62,04877274569
Renata Castro Mendes,renata.castro.mendes.22369@example.com,Goiânia,Coordenador de produção,58,27436582924
Rafael Lima Carvalho,rafael.lima.carvalho.22370@example.com,Brasília,Cozinheiro,52,24775476219
Pedro Freitas Lima,pedro.freitas.lima.22371@example.com,Maringá,Assistente administrativo,56,00410910961
Gabriela Freitas Alves,gabriela.freitas.alves.22372@example.com,Caxias do Sul,Analista de marketing,36,62276754776
Camila Costa Rocha,camila.costa.rocha.22373@example.com,Florianópolis,Supervisor de qualidade,51,47829516573
Nicolas Silva Freitas,nicolas.silva.freitas.22374@example.com,Londrina,Estoquista,61,33601416912
Carolina Monteiro Monteiro,carolina.monteiro.monteiro.22375@example.com,Campo Grande,Gerente comercial,57,12792753752
Larissa Barros Barbosa,larissa.barros.barbosa.22376@example.com,Belém,Designer gráfico,31,30556429323
José Barbosa Carvalho,jose.barbosa.carvalho.22377@example.com,Recife,Chefe de compras,34,52465110852
Juliana Almeida Almeida,juliana.almeida.almeida.22378@example.com,Curitiba,Diretor comercial,51,33778304117
Débora Freitas Silva,debora.freitas.silva.22379@example.com,Belo Horizonte,Assistente administrativo,60,31481691365
Daniela Santos Barbosa,daniela.santos.barbosa.22380@example.com,Natal,Técnico de enfermagem,27,25878646631
Gabriel Ribeiro Barbosa,gabriel.ribeiro.barbosa.22381@example.com,Campinas,Cozinheiro,63,47184742479
Eduardo Moreira Rocha,eduardo.moreira.rocha.22382@example.com,Santos,Motorista,60,90236271311
Tatiane Santos Barros,tatiane.santos.barros.22383@example.com,Santos,Chefe de almoxarifado,67,35375071272
Sérgio Monteiro Rocha,sergio.monteiro.rocha.22384@example.com,Manaus,Advogado,21,62594226538
Vitória Moreira Souza,vitoria.moreira.souza.22385@example.com,Natal,Mecânico,32,62709647161
João Freitas Castro,joao.freitas.castro.22386@example.com,Recife,Analista de dados,30,28044326716
Diego Araújo Ribeiro,diego.araujo.ribeiro.22387@example.com,Dourados,Engenheiro civil,25,64622205156
Igor Freitas Mendes,igor.freitas.mendes.22388@example.com,Porto Alegre,Assistente administrativo,25,79505553829
Priscila Lima Teixeira,priscila.lima.teixeira.22389@example.com,Manaus,Diretor de operações,51,80586937530
Simone Moreira Martins,simone.moreira.martins.22390@example.com,Florianópolis,Gerente de tecnologia,45,44621329852
Otávio Rocha Castro,otavio.rocha.castro.22391@example.com,Goiânia,Fisioterapeuta,54,69383987282
Nicolas Gomes Almeida,nicolas.gomes.almeida.22392@example.com,Porto Alegre,Eletricista,35,25932056175
Marcelo Gomes Dias,marcelo.gomes.dias.22393@example.com,Uberlândia,Analista de recursos humanos,34,05926467589
Beatriz Souza Freitas,beatriz.souza.freitas.22394@example.com,Natal,Programador,39,34990194609
Sandra Gomes Cardoso,sandra.gomes.cardoso.22395@example.com,Caxias do Sul,Técnico de enfermagem,58,09172019801
Nicolas Freitas Moreira,nicolas.freitas.moreira.22396@example.com,Belém,Coordenador de produção,40,60150000563
Simone Barbosa Rocha,simone.barbosa.rocha.22397@example.com,Goiânia,Eletricista,60,22997167832
Eduardo Costa Souza,eduardo.costa.souza.22398@example.com,Niterói,Vendedor,68,06967688359
Mariana Moreira Ribeiro,mariana.moreira.ribeiro.22399@example.com,Sorocaba,Padeiro,44,57135975589
Nicolas Barbosa Martins,nicolas.barbosa.martins.22400@example.com,Caxias do Sul,Analista financeiro,23,89228010049
Fernanda Pereira Gomes,fernanda.pereira.gomes.22401@example.com,Porto Alegre,Coordenador administrativo,47,75098908672
Gabriel Lima Silva,gabriel.lima.silva.22402@example.com,Rondonópolis,Jornalista,45,89580271873
Amanda Pereira Freitas,amanda.pereira.freitas.22403@example.com,Cuiabá,Coordenador de logística,47,44991515644
Ricardo Rodrigues Teixeira,ricardo.rodrigues.teixeira.22404@example.com,Belo Horizonte,Motorista,29,16315152481
Débora Moreira Alves,debora.moreira.alves.22405@example.com,Rondonópolis,Professor,22,60755495257
Simone Teixeira Almeida,simone.teixeira.almeida.22406@example.com,Maringá,Coordenador administrativo,52,05272884257
Vanessa Barbosa Monteiro,vanessa.barbosa.monteiro.22407@example.com,Campinas,Operador de caixa,52,48698599110
Gabriela Santos Oliveira,gabriela.santos.oliveira.22408@example.com,Rio de Janeiro,Analista de dados,27,22010185723
João Costa Ribeiro,joao.costa.ribeiro.22409@example.com,Salvador,Analista financeiro,31,07923733151
Ana Monteiro Costa,ana.monteiro.costa.22410@example.com,Recife,Mecânico,24,01016787404
Ricardo Castro Oliveira,ricardo.castro.oliveira.22411@example.com,Goiânia,Coordenador administrativo,32,57471872150
Luana Alves Moreira,luana.alves.moreira.22412@example.com,Porto Alegre,Técnico de segurança do trabalho,52,70221479834
Diego Barros Silva,diego.barros.silva.22413@example.com,Caxias do Sul,Chefe de compras,56,83987387174
Diego Fernandes Rodrigues,diego.fernandes.rodrigues.22414@example.com,Belém,Pedreiro,36,52661377228
Bruno Costa Lima,bruno.costa.lima.22415@example.com,Goiânia,Analista de recursos humanos,25,79583106028
Vinícius Almeida Castro,vinicius.almeida.castro.22416@example.com,Manaus,Gerente de tecnologia,58,49600641552
Ricardo Rocha Lima,ricardo.rocha.lima.22417@example.com,Fortaleza,Assistente comercial,26,60667768342
Mariana Barros Pereira,mariana.barros.pereira.22418@example.com,Caxias do Sul,Coordenador de marketing,23,23183992346
Ricardo Rocha Barbosa,ricardo.rocha.barbosa.22419@example.com,Santos,Arquiteto,19,39583892853
Mariana Moreira Ribeiro,mariana.moreira.ribeiro.22420@example.com,Campo Grande,Professor,60,09490566470
Pedro Martins Rocha,pedro.martins.rocha.22421@example.com,Caxias do Sul,Designer gráfico,58,47444438645
Tatiane Cardoso Dias,tatiane.cardoso.dias.22422@example.com,Uberlândia,Padeiro,26,06422663460
Rafael Almeida Monteiro,rafael.almeida.monteiro.22423@example.com,Londrina,Assistente comercial,38,92425873893
Camila Rodrigues Oliveira,camila.rodrigues.oliveira.22424@example.com,Natal,Chefe de compras,36,26726128987
Mariana Souza Gomes,mariana.souza.gomes.22425@example.com,Campo Grande,Professor,63,74566225639
Diego Silva Teixeira,diego.silva.teixeira.22426@example.com,Maringá,Técnico de enfermagem,20,11122276892
Thiago Barbosa Santos,thiago.barbosa.santos.22427@example.com,Belo Horizonte,Vendedor,46,19010992712
Luana Monteiro Mendes,luana.monteiro.mendes.22428@example.com,Joinville,Líder de equipe,61,76651917799
Eduardo Barbosa Freitas,eduardo.barbosa.freitas.22429@example.com,Porto Alegre,Técnico de enfermagem,60,75705431762
Felipe Pereira Pereira,felipe.pereira.pereira.22430@example.com,São Paulo,Chefe de departamento pessoal,64,42275713059
Gabriela Moreira Teixeira,gabriela.moreira.teixeira.22431@example.com,Sorocaba,Chefe de almoxarifado,27,87842021769
Camila Castro Monteiro,camila.castro.monteiro.22432@example.com,Santos,Encarregado de produção,56,24222251410
Rafael Rodrigues Teixeira,rafael.rodrigues.teixeira.22433@example.com,São Paulo,Chefe de compras,52,70777561602
Tatiane Lima Dias,tatiane.lima.dias.22434@example.com,Goiânia,Gerente de tecnologia,47,70275717632
Fernanda Carvalho Carvalho,fernanda.carvalho.carvalho.22435@example.com,Sorocaba,Supervisor de vendas,59,14793753883
Sandra Cardoso Fernandes,sandra.cardoso.fernandes.22436@example.com,Uberlândia,Gerente de operações,60,06889057128
Gustavo Castro Rocha,gustavo.castro.rocha.22437@example.com,Campinas,Gerente de tecnologia,31,75362034323
Priscila Cardoso Barbosa,priscila.cardoso.barbosa.22438@example.com,Campinas,Líder de equipe,63,40429379671
Nicolas Freitas Lima,nicolas.freitas.lima.22439@example.com,Natal,Coordenador de logística,25,19939959855
Vitória Dias Moreira,vitoria.dias.moreira.22440@example.com,Londrina,Enfermeiro,64,43780096799
Ricardo Souza Martins,ricardo.souza.martins.22441@example.com,Curitiba,Encarregado de produção,22,37054187441
Sandra Barbosa Barros,sandra.barbosa.barros.22442@example.com,Niterói,Analista de recursos humanos,24,49564832166
Débora Teixeira Silva,debora.teixeira.silva.22443@example.com,Florianópolis,Coordenador de marketing,37,73510451089
Aline Teixeira Costa,aline.teixeira.costa.22444@example.com,Florianópolis,Enfermeiro,40,85792640659
Mariana Santos Monteiro,mariana.santos.monteiro.22445@example.com,Recife,Gerente de tecnologia,65,85065408923
Ricardo Almeida Moreira,ricardo.almeida.moreira.22446@example.com,Santos,Analista de marketing,35,32630540161
Renata Mendes Fernandes,renata.mendes.fernandes.22447@example.com,Maringá,Coordenador de marketing,36,86756784666
Amanda Barros Rocha,amanda.barros.rocha.22448@example.com,Salvador,Diretor de operações,69,47245178341
Vinícius Teixeira Dias,vinicius.teixeira.dias.22449@example.com,Brasília,Gerente financeiro,50,63743395259
Sérgio Pereira Dias,sergio.pereira.dias.22450@example.com,Belo Horizonte,Diretor comercial,52,25151806692
Vitória Souza Barbosa,vitoria.souza.barbosa.22451@example.com,Curitiba,Recepcionista,29,59559034814
Henrique Teixeira Dias,henrique.teixeira.dias.22452@example.com,Goiânia,Coordenador de logística,62,65594827242
Diego Lima Rodrigues,diego.lima.rodrigues.22453@example.com,Maringá,Técnico em informática,21,15727062860
Eduardo Oliveira Freitas,eduardo.oliveira.freitas.22454@example.com,Belo Horizonte,Fisioterapeuta,69,53426191821
Ricardo Costa Rocha,ricardo.costa.rocha.22455@example.com,Curitiba,Designer gráfico,24,68250514054
Bruno Costa Rodrigues,bruno.costa.rodrigues.22456@example.com,Belo Horizonte,Líder de equipe,49,30793050458
Gustavo Costa Dias,gustavo.costa.dias.22457@example.com,Rondonópolis,Enfermeiro,40,98629993651
Vanessa Ribeiro Almeida,vanessa.ribeiro.almeida.22458@example.com,Londrina,Advogado,69,62152563445
Patrícia Cardoso Pereira,patricia.cardoso.pereira.22459@example.com,Rondonópolis,Gerente de recursos humanos,55,66812780739
Sérgio Martins Moreira,sergio.martins.moreira.22460@example.com,Belém,Contador,31,81489268229
Vinícius Almeida Monteiro,vinicius.almeida.monteiro.22461@example.com,Cuiabá,Cozinheiro,25,57926103493
Bruno Alves Almeida,bruno.alves.almeida.22462@example.com,Caxias do Sul,Supervisor de manutenção,23,98899997223
Priscila Costa Fernandes,priscila.costa.fernandes.22463@example.com,Rio de Janeiro,Professor,39,39318689322
Thiago Ribeiro Barros,thiago.ribeiro.barros.22464@example.com,Uberlândia,Analista de marketing,53,78729983131
Rafael Dias Souza,rafael.dias.souza.22465@example.com,Fortaleza,Técnico de segurança do trabalho,55,90809375143
Juliana Costa Costa,juliana.costa.costa.22466@example.com,Manaus,Analista de marketing,41,67706716023
Ana Monteiro Carvalho,ana.monteiro.carvalho.22467@example.com,Sorocaba,Supervisor de vendas,22,06189434316
Diego Martins Nascimento,diego.martins.nascimento.22468@example.com,Sorocaba,Comprador,68,73041053224
Henrique Silva Pereira,henrique.silva.pereira.22469@example.com,Manaus,Analista de recursos humanos,70,96731786401
Luana Souza Ribeiro,luana.souza.ribeiro.22470@example.com,Manaus,Jornalista,20,31117031918
Patrícia Freitas Barbosa,patricia.freitas.barbosa.22471@example.com,Manaus,Técnico de segurança do trabalho,64,96525747308
Luana Monteiro Carvalho,luana.monteiro.carvalho.22472@example.com,Rondonópolis,Nutricionista,64,45693465353
Carolina Pereira Rocha,carolina.pereira.rocha.22473@example.com,Cuiabá,Chefe de compras,67,92001688093
Gabriel Souza Lima,gabriel.souza.lima.22474@example.com,Goiânia,Farmacêutico,21,43467422088
Priscila Nascimento Monteiro,priscila.nascimento.monteiro.22475@example.com,Caxias do Sul,Jornalista,36,86121362537
Marcelo Cardoso Fernandes,marcelo.cardoso.fernandes.22476@example.com,Cuiabá,Arquiteto,43,29424474668
Thiago Costa Teixeira,thiago.costa.teixeira.22477@example.com,Campo Grande,Auxiliar de produção,38,70725702429
Gabriel Santos Alves,gabriel.santos.alves.22478@example.com,Dourados,Estoquista,42,19916192876
Felipe Fernandes Barros,felipe.fernandes.barros.22479@example.com,Porto Alegre,Advogado,51,79318731840
Patrícia Souza Castro,patricia.souza.castro.22480@example.com,Curitiba,Designer gráfico,34,57711376660
Letícia Barros Araújo,leticia.barros.araujo.22481@example.com,Goiânia,Coordenador de produção,34,59778440213
Sérgio Araújo Silva,sergio.araujo.silva.22482@example.com,Salvador,Vendedor,18,27386052254
Larissa Castro Araújo,larissa.castro.araujo.22483@example.com,Vitória,Pedreiro,70,96113774362
Renata Carvalho Oliveira,renata.carvalho.oliveira.22484@example.com,Vitória,Arquiteto,33,56087923552
Pedro Alves Rocha,pedro.alves.rocha.22485@example.com,Recife,Diretor comercial,30,90671160144
Carlos Dias Pereira,carlos.dias.pereira.22486@example.com,Salvador,Padeiro,61,40052766247
Diego Santos Nascimento,diego.santos.nascimento.22487@example.com,Cuiabá,Gerente de recursos humanos,50,07442853984
Patrícia Costa Monteiro,patricia.costa.monteiro.22488@example.com,Belém,Farmacêutico,30,37823655725
Priscila Lima Martins,priscila.lima.martins.22489@example.com,Campo Grande,Contador,55,99483353328
Larissa Araújo Monteiro,larissa.araujo.monteiro.22490@example.com,Dourados,Gerente de recursos humanos,36,39923816716
Otávio Teixeira Nascimento,otavio.teixeira.nascimento.22491@example.com,Rio de Janeiro,Jornalista,47,05610858905
Otávio Carvalho Carvalho,otavio.carvalho.carvalho.22492@example.com,Campinas,Arquiteto,29,39049295284
Pedro Martins Carvalho,pedro.martins.carvalho.22493@example.com,Brasília,Técnico de enfermagem,41,60425489859
Vitória Dias Fernandes,vitoria.dias.fernandes.22494@example.com,Florianópolis,Coordenador de marketing,29,73245460747
Bruno Gomes Araújo,bruno.gomes.araujo.22495@example.com,Recife,Cozinheiro,70,13021083103
Otávio Ribeiro Martins,otavio.ribeiro.martins.22496@example.com,Santos,Advogado,45,35015511835
Gustavo Carvalho Ribeiro,gustavo.carvalho.ribeiro.22497@example.com,Fortaleza,Coordenador administrativo,41,51262419552
Thiago Rodrigues Barros,thiago.rodrigues.barros.22498@example.com,Belém,Corretor de imóveis,61,14789198555
Sandra Freitas Nascimento,sandra.freitas.nascimento.22499@example.com,Campo Grande,Gerente de tecnologia,32,46492854723
Gabriel Santos Monteiro,gabriel.santos.monteiro.22500@example.com,Santos,Gerente financeiro,58,54394845491
Otávio Barbosa Pereira,otavio.barbosa.pereira.22501@example.com,Belém,Analista de dados,56,94009649708
Vinícius Lima Martins,vinicius.lima.martins.22502@example.com,Porto Alegre,Supervisor de atendimento,18,14491104039
Simone Almeida Ribeiro,simone.almeida.ribeiro.22503@example.com,Salvador,Engenheiro civil,38,80849528924
Letícia Teixeira Barbosa,leticia.teixeira.barbosa.22504@example.com,Belo Horizonte,Supervisor de manutenção,18,73545266122
Simone Araújo Rodrigues,simone.araujo.rodrigues.22505@example.com,Rio de Janeiro,Técnico em informática,64,19420864843
Gabriela Barros Mendes,gabriela.barros.mendes.22506@example.com,Vitória,Chefe de departamento pessoal,25,21735559642
Beatriz Gomes Silva,beatriz.gomes.silva.22507@example.com,Belém,Motorista,61,11659824747
Juliana Costa Moreira,juliana.costa.moreira.22508@example.com,Manaus,Gerente de operações,29,83753429765
Pedro Mendes Mendes,pedro.mendes.mendes.22509@example.com,Caxias do Sul,Auxiliar de produção,29,64061486354
Ricardo Castro Ribeiro,ricardo.castro.ribeiro.22510@example.com,Campinas,Coordenador administrativo,22,02131709138
Sérgio Lima Dias,sergio.lima.dias.22511@example.com,Salvador,Técnico em informática,35,60766243945
Juliana Rocha Freitas,juliana.rocha.freitas.22512@example.com,Goiânia,Operador de caixa,53,18694088686
Renata Lima Nascimento,renata.lima.nascimento.22513@example.com,Recife,Corretor de imóveis,31,02572580887
Eduardo Rocha Teixeira,eduardo.rocha.teixeira.22514@example.com,Santos,Encarregado de produção,32,33056293166
Letícia Rodrigues Gomes,leticia.rodrigues.gomes.22515@example.com,Curitiba,Mecânico,67,05738526136
Nicolas Moreira Lima,nicolas.moreira.lima.22516@example.com,Porto Alegre,Chefe de almoxarifado,43,56490349634
Diego Rodrigues Carvalho,diego.rodrigues.carvalho.22517@example.com,Rio de Janeiro,Supervisor de manutenção,67,73698562072
Vitória Carvalho Gomes,vitoria.carvalho.gomes.22518@example.com,Salvador,Eletricista,60,62716141964
Otávio Castro Fernandes,otavio.castro.fernandes.22519@example.com,Campinas,Professor,67,29181101174
Camila Pereira Gomes,camila.pereira.gomes.22520@example.com,Brasília,Comprador,34,61143502330
Patrícia Mendes Barbosa,patricia.mendes.barbosa.22521@example.com,Goiânia,Nutricionista,48,64158407409
Mariana Dias Martins,mariana.dias.martins.22522@example.com,Caxias do Sul,Designer gráfico,31,28005190650
Priscila Silva Fernandes,priscila.silva.fernandes.22523@example.com,Goiânia,Atendente,65,35938663900
Priscila Fernandes Monteiro,priscila.fernandes.monteiro.22524@example.com,Florianópolis,Analista de recursos humanos,35,37511369833
Aline Silva Santos,aline.silva.santos.22525@example.com,Vitória,Recepcionista,63,31909557063
Igor Cardoso Moreira,igor.cardoso.moreira.22526@example.com,Uberlândia,Advogado,56,85557596702
Sandra Teixeira Mendes,sandra.teixeira.mendes.22527@example.com,Salvador,Contador,56,69122818420
Luana Lima Fernandes,luana.lima.fernandes.22528@example.com,Campinas,Chefe de almoxarifado,51,95697155599
Patrícia Mendes Freitas,patricia.mendes.freitas.22529@example.com,Niterói,Mecânico,33,11025134292
Tatiane Costa Oliveira,tatiane.costa.oliveira.22530@example.com,Maringá,Padeiro,35,70282517170
Renata Castro Freitas,renata.castro.freitas.22531@example.com,Dourados,Comprador,21,43447448987
Gustavo Monteiro Almeida,gustavo.monteiro.almeida.22532@example.com,Porto Alegre,Estoquista,36,29503059859
Gabriela Pereira Santos,gabriela.pereira.santos.22533@example.com,Niterói,Professor,45,42735350937
Letícia Moreira Freitas,leticia.moreira.freitas.22534@example.com,Campo Grande,Enfermeiro,45,24752905902
Vitória Cardoso Ribeiro,vitoria.cardoso.ribeiro.22535@example.com,Maringá,Analista financeiro,52,19533294203
Aline Freitas Barbosa,aline.freitas.barbosa.22536@example.com,Londrina,Pedreiro,45,32820608239
Bruno Costa Oliveira,bruno.costa.oliveira.22537@example.com,Belém,Professor,64,26456439205
Marcelo Monteiro Dias,marcelo.monteiro.dias.22538@example.com,Dourados,Comprador,52,09624053379
Nicolas Santos Silva,nicolas.santos.silva.22539@example.com,Caxias do Sul,Chefe de compras,18,01967775487
Gabriel Fernandes Cardoso,gabriel.fernandes.cardoso.22540@example.com,Londrina,Técnico de enfermagem,31,89602110140
Marcelo Lima Rocha,marcelo.lima.rocha.22541@example.com,Santos,Professor,51,81855536092
José Barros Martins,jose.barros.martins.22542@example.com,Uberlândia,Enfermeiro,46,97639924383
Felipe Silva Alves,felipe.silva.alves.22543@example.com,Campo Grande,Gerente financeiro,25,70318878132
Tatiane Gomes Fernandes,tatiane.gomes.fernandes.22544@example.com,Rio de Janeiro,Coordenador de marketing,51,95562325204
Fernanda Pereira Fernandes,fernanda.pereira.fernandes.22545@example.com,Dourados,Assistente comercial,37,03198634087
Vitória Rocha Alves,vitoria.rocha.alves.22546@example.com,Florianópolis,Fisioterapeuta,32,63045567104
João Araújo Carvalho,joao.araujo.carvalho.22547@example.com,Recife,Diretor de operações,30,67920477657
Diego Carvalho Barros,diego.carvalho.barros.22548@example.com,São Paulo,Padeiro,34,26884118464
Juliana Ribeiro Martins,juliana.ribeiro.martins.22549@example.com,Curitiba,Técnico em informática,62,26736726360
Felipe Pereira Gomes,felipe.pereira.gomes.22550@example.com,Belém,Gerente financeiro,30,34703740253
Simone Teixeira Freitas,simone.teixeira.freitas.22551@example.com,Dourados,Motorista,50,57104774439
Pedro Rodrigues Nascimento,pedro.rodrigues.nascimento.22552@example.com,Londrina,Auxiliar de produção,30,06606637330
Juliana Teixeira Teixeira,juliana.teixeira.teixeira.22553@example.com,São Paulo,Técnico de enfermagem,44,65130732738
Pedro Silva Dias,pedro.silva.dias.22554@example.com,Belém,Coordenador administrativo,18,65983235577
Priscila Martins Moreira,priscila.martins.moreira.22555@example.com,Uberlândia,Analista de dados,36,79373316571
Tatiane Castro Nascimento,tatiane.castro.nascimento.22556@example.com,Natal,Chefe de departamento pessoal,36,01227664212
Gabriel Oliveira Almeida,gabriel.oliveira.almeida.22557@example.com,Brasília,Coordenador de marketing,59,83940837978
Patrícia Souza Araújo,patricia.souza.araujo.22558@example.com,Caxias do Sul,Assistente comercial,63,71403736021
Pedro Rodrigues Costa,pedro.rodrigues.costa.22559@example.com,Fortaleza,Eletricista,69,24726290141
Henrique Barbosa Fernandes,henrique.barbosa.fernandes.22560@example.com,Goiânia,Programador,18,17780036632
Vitória Fernandes Almeida,vitoria.fernandes.almeida.22561@example.com,Curitiba,Supervisor de atendimento,49,29734254497
Priscila Barbosa Barbosa,priscila.barbosa.barbosa.22562@example.com,Recife,Cozinheiro,19,47917249229
Nicolas Almeida Almeida,nicolas.almeida.almeida.22563@example.com,Niterói,Atendente,31,97536411120
Vinícius Gomes Rocha,vinicius.gomes.rocha.22564@example.com,Campo Grande,Chefe de almoxarifado,62,51455629423
Gustavo Carvalho Martins,gustavo.carvalho.martins.22565@example.com,Brasília,Vendedor,18,84928757895
Luana Freitas Ribeiro,luana.freitas.ribeiro.22566@example.com,Goiânia,Operador de caixa,40,23458855472
Sérgio Almeida Ribeiro,sergio.almeida.ribeiro.22567@example.com,Londrina,Professor,62,41161319137
Letícia Barbosa Ribeiro,leticia.barbosa.ribeiro.22568@example.com,Maringá,Designer gráfico,19,93879709613
Vanessa Monteiro Alves,vanessa.monteiro.alves.22569@example.com,Cuiabá,Chefe de departamento pessoal,46,92096313233
Thiago Barros Monteiro,thiago.barros.monteiro.22570@example.com,Campinas,Chefe de departamento pessoal,54,39679117120
Carolina Rocha Moreira,carolina.rocha.moreira.22571@example.com,Salvador,Gerente de recursos humanos,37,08469666565
Juliana Rodrigues Souza,juliana.rodrigues.souza.22572@example.com,Londrina,Gerente de tecnologia,26,56247645815
Vitória Costa Santos,vitoria.costa.santos.22573@example.com,Campo Grande,Assistente administrativo,59,74522826716
Leonardo Alves Gomes,leonardo.alves.gomes.22574@example.com,Dourados,Mecânico,31,76400229599
Aline Rodrigues Dias,aline.rodrigues.dias.22575@example.com,Florianópolis,Programador,37,15199615475
Tatiane Rocha Martins,tatiane.rocha.martins.22576@example.com,Belo Horizonte,Corretor de imóveis,66,29119135477
Patrícia Araújo Monteiro,patricia.araujo.monteiro.22577@example.com,Caxias do Sul,Corretor de imóveis,47,38152325265
João Costa Martins,joao.costa.martins.22578@example.com,Joinville,Analista financeiro,61,93338385408
Carolina Gomes Pereira,carolina.gomes.pereira.22579@example.com,Cuiabá,Arquiteto,26,78530253253
Thiago Cardoso Castro,thiago.cardoso.castro.22580@example.com,Belo Horizonte,Gerente de operações,19,36692616726
Felipe Castro Freitas,felipe.castro.freitas.22581@example.com,Rio de Janeiro,Analista de recursos humanos,58,90650223489
Paulo Barros Fernandes,paulo.barros.fernandes.22582@example.com,Brasília,Jornalista,63,97215099098
Luana Pereira Barros,luana.pereira.barros.22583@example.com,Cuiabá,Diretor de operações,29,63125850437
Vinícius Teixeira Nascimento,vinicius.teixeira.nascimento.22584@example.com,Sorocaba,Mecânico,20,43998560966
Vitória Nascimento Almeida,vitoria.nascimento.almeida.22585@example.com,Campinas,Atendente,54,81959290883
Fernanda Castro Cardoso,fernanda.castro.cardoso.22586@example.com,Londrina,Pedreiro,59,97686040045
Mariana Mendes Alves,mariana.mendes.alves.22587@example.com,Niterói,Designer gráfico,49,48709824910
Mariana Freitas Mendes,mariana.freitas.mendes.22588@example.com,São Paulo,Operador de caixa,38,58357802358
Paulo Nascimento Santos,paulo.nascimento.santos.22589@example.com,Cuiabá,Farmacêutico,56,85892336951
Ana Cardoso Ribeiro,ana.cardoso.ribeiro.22590@example.com,Campo Grande,Diretor comercial,65,83981903267
Simone Castro Rocha,simone.castro.rocha.22591@example.com,Uberlândia,Eletricista,40,36474819690
Beatriz Silva Mendes,beatriz.silva.mendes.22592@example.com,Curitiba,Diretor comercial,23,87486977759
Marcelo Barbosa Souza,marcelo.barbosa.souza.22593@example.com,Rio de Janeiro,Engenheiro civil,47,03876877165
Luana Barros Barros,luana.barros.barros.22594@example.com,Fortaleza,Designer gráfico,69,42289201896
Vitória Costa Fernandes,vitoria.costa.fernandes.22595@example.com,Recife,Líder de equipe,23,96317774014
Simone Fernandes Cardoso,simone.fernandes.cardoso.22596@example.com,Porto Alegre,Gerente de operações,65,36065792409
Fernanda Silva Castro,fernanda.silva.castro.22597@example.com,Campinas,Vendedor,23,41887611381
Tatiane Lima Silva,tatiane.lima.silva.22598@example.com,Dourados,Diretor comercial,36,61425625782
Rafael Barros Rocha,rafael.barros.rocha.22599@example.com,Manaus,Auxiliar de produção,48,98391689788
Lucas Freitas Araújo,lucas.freitas.araujo.22600@example.com,Natal,Analista de recursos humanos,22,66935646430
Fernanda Ribeiro Almeida,fernanda.ribeiro.almeida.22601@example.com,Recife,Gerente de tecnologia,63,62579831087
Lucas Almeida Nascimento,lucas.almeida.nascimento.22602@example.com,Natal,Coordenador administrativo,19,77737763782
Mariana Mendes Silva,mariana.mendes.silva.22603@example.com,Belém,Supervisor de manutenção,32,67271965152
Renata Cardoso Rocha,renata.cardoso.rocha.22604@example.com,Campinas,Analista de marketing,25,16763044618
Amanda Silva Rodrigues,amanda.silva.rodrigues.22605@example.com,Cuiabá,Auxiliar de produção,50,72901706340
Beatriz Barros Almeida,beatriz.barros.almeida.22606@example.com,Rondonópolis,Auxiliar de produção,53,34643364804
Daniela Mendes Fernandes,daniela.mendes.fernandes.22607@example.com,Belém,Técnico em informática,30,48113826978
Fernanda Alves Araújo,fernanda.alves.araujo.22608@example.com,Caxias do Sul,Gerente financeiro,25,19993829412
Marcelo Ribeiro Gomes,marcelo.ribeiro.gomes.22609@example.com,Uberlândia,Operador de caixa,66,37800472070
Camila Almeida Mendes,camila.almeida.mendes.22610@example.com,Rondonópolis,Auxiliar de produção,54,65454524202
Tatiane Moreira Martins,tatiane.moreira.martins.22611@example.com,Rio de Janeiro,Cozinheiro,68,74548820448
Camila Alves Barbosa,camila.alves.barbosa.22612@example.com,Cuiabá,Supervisor de vendas,24,96872123261
Ana Barbosa Lima,ana.barbosa.lima.22613@example.com,Vitória,Gerente de tecnologia,25,81965452032
Carlos Dias Oliveira,carlos.dias.oliveira.22614@example.com,Recife,Arquiteto,65,76452758843
Patrícia Castro Lima,patricia.castro.lima.22615@example.com,Uberlândia,Analista de recursos humanos,58,70149281946
Paulo Almeida Almeida,paulo.almeida.almeida.22616@example.com,Maringá,Analista de marketing,49,37025211402
Sandra Martins Monteiro,sandra.martins.monteiro.22617@example.com,Salvador,Diretor de operações,23,39947859788
Patrícia Oliveira Castro,patricia.oliveira.castro.22618@example.com,Fortaleza,Gerente de tecnologia,29,55478846021
Gabriela Oliveira Fernandes,gabriela.oliveira.fernandes.22619@example.com,Recife,Gerente de tecnologia,68,27543491643
Felipe Teixeira Pereira,felipe.teixeira.pereira.22620@example.com,Porto Alegre,Padeiro,40,65833512414
Renata Martins Almeida,renata.martins.almeida.22621@example.com,Santos,Coordenador de logística,34,39128074205
Daniela Souza Costa,daniela.souza.costa.22622@example.com,Belo Horizonte,Padeiro,24,80771182538
Priscila Araújo Cardoso,priscila.araujo.cardoso.22623@example.com,Porto Alegre,Encarregado de produção,66,20565581639
Patrícia Cardoso Nascimento,patricia.cardoso.nascimento.22624@example.com,Florianópolis,Gerente comercial,34,72068703612
Eduardo Costa Cardoso,eduardo.costa.cardoso.22625@example.com,Florianópolis,Coordenador de marketing,30,67289475080
Larissa Rodrigues Martins,larissa.rodrigues.martins.22626@example.com,Porto Alegre,Gerente de tecnologia,24,01616786003
Aline Lima Carvalho,aline.lima.carvalho.22627@example.com,Uberlândia,Motorista,37,79470450907
Aline Santos Santos,aline.santos.santos.22628@example.com,Florianópolis,Chefe de departamento pessoal,67,44153890486
Débora Araújo Souza,debora.araujo.souza.22629@example.com,Manaus,Professor,29,50348056124
Larissa Nascimento Costa,larissa.nascimento.costa.22630@example.com,Curitiba,Contador,34,72277927684
Lucas Gomes Monteiro,lucas.gomes.monteiro.22631@example.com,Brasília,Designer gráfico,54,53433278263
Thiago Castro Santos,thiago.castro.santos.22632@example.com,Santos,Mecânico,57,20395466483
Letícia Mendes Barbosa,leticia.mendes.barbosa.22633@example.com,Brasília,Padeiro,47,28014315570
Sérgio Rocha Souza,sergio.rocha.souza.22634@example.com,Joinville,Técnico de segurança do trabalho,40,04475598907
José Ribeiro Rodrigues,jose.ribeiro.rodrigues.22635@example.com,Belo Horizonte,Chefe de compras,23,31595266150
Vitória Barros Oliveira,vitoria.barros.oliveira.22636@example.com,Santos,Padeiro,55,27716735229
Luana Castro Costa,luana.castro.costa.22637@example.com,Rio de Janeiro,Analista de recursos humanos,63,86995830863
Aline Souza Dias,aline.souza.dias.22638@example.com,São Paulo,Gerente de operações,46,02676110429
Thiago Barros Araújo,thiago.barros.araujo.22639@example.com,Sorocaba,Designer gráfico,54,33426592575
Gabriel Costa Araújo,gabriel.costa.araujo.22640@example.com,Sorocaba,Coordenador de logística,36,09110571636
Eduardo Pereira Castro,eduardo.pereira.castro.22641@example.com,Goiânia,Designer gráfico,56,89024839234
Ana Moreira Costa,ana.moreira.costa.22642@example.com,Manaus,Contador,43,95949110949
Patrícia Oliveira Lima,patricia.oliveira.lima.22643@example.com,Vitória,Arquiteto,21,09547088940
João Moreira Moreira,joao.moreira.moreira.22644@example.com,Curitiba,Encarregado de produção,20,66176048224
Igor Silva Teixeira,igor.silva.teixeira.22645@example.com,Belo Horizonte,Coordenador de marketing,69,46309177375
Ana Freitas Cardoso,ana.freitas.cardoso.22646@example.com,Santos,Assistente administrativo,20,54304747027
Priscila Rodrigues Monteiro,priscila.rodrigues.monteiro.22647@example.com,São Paulo,Contador,40,15084995678
Letícia Alves Cardoso,leticia.alves.cardoso.22648@example.com,Rio de Janeiro,Analista de dados,61,48220457522
Paulo Araújo Alves,paulo.araujo.alves.22649@example.com,Cuiabá,Chefe de almoxarifado,61,39104587057
Eduardo Gomes Mendes,eduardo.gomes.mendes.22650@example.com,Belo Horizonte,Supervisor de manutenção,30,69980682799
Sandra Castro Barros,sandra.castro.barros.22651@example.com,Santos,Contador,64,38294299727
Gabriel Oliveira Barros,gabriel.oliveira.barros.22652@example.com,Brasília,Corretor de imóveis,48,04484982340
Lucas Nascimento Souza,lucas.nascimento.souza.22653@example.com,Rio de Janeiro,Comprador,33,81624256600
Diego Cardoso Gomes,diego.cardoso.gomes.22654@example.com,Rondonópolis,Analista de dados,66,55437551162
Diego Costa Cardoso,diego.costa.cardoso.22655@example.com,Porto Alegre,Coordenador administrativo,53,50004185363
Bruno Cardoso Monteiro,bruno.cardoso.monteiro.22656@example.com,Londrina,Nutricionista,49,65657539121
Bruno Pereira Silva,bruno.pereira.silva.22657@example.com,Santos,Motorista,68,25629231971
José Almeida Dias,jose.almeida.dias.22658@example.com,Niterói,Jornalista,49,51440308320
Gustavo Rocha Cardoso,gustavo.rocha.cardoso.22659@example.com,Campo Grande,Cozinheiro,59,74033525697
Tatiane Fernandes Alves,tatiane.fernandes.alves.22660@example.com,Brasília,Mecânico,50,10438722508
Sérgio Ribeiro Dias,sergio.ribeiro.dias.22661@example.com,Santos,Supervisor de atendimento,60,49270400376
Letícia Souza Castro,leticia.souza.castro.22662@example.com,Curitiba,Nutricionista,47,36523156438
Ana Castro Alves,ana.castro.alves.22663@example.com,Cuiabá,Assistente administrativo,31,78688852090
Camila Barros Barros,camila.barros.barros.22664@example.com,Rondonópolis,Vendedor,33,54189600653
Renata Barbosa Teixeira,renata.barbosa.teixeira.22665@example.com,Uberlândia,Farmacêutico,65,95119350237
José Barbosa Silva,jose.barbosa.silva.22666@example.com,Manaus,Enfermeiro,46,68630023441
Thiago Nascimento Almeida,thiago.nascimento.almeida.22667@example.com,Uberlândia,Designer gráfico,25,58829703259
Simone Nascimento Pereira,simone.nascimento.pereira.22668@example.com,Fortaleza,Técnico de enfermagem,24,47204570685
Otávio Martins Martins,otavio.martins.martins.22669@example.com,Santos,Contador,30,69477249340
Mariana Carvalho Carvalho,mariana.carvalho.carvalho.22670@example.com,Belo Horizonte,Supervisor de vendas,49,58504585793
Lucas Teixeira Silva,lucas.teixeira.silva.22671@example.com,Santos,Analista de marketing,57,72583898211
Carlos Cardoso Almeida,carlos.cardoso.almeida.22672@example.com,Londrina,Chefe de departamento pessoal,29,71321912402
Nicolas Moreira Freitas,nicolas.moreira.freitas.22673@example.com,Rio de Janeiro,Gerente comercial,48,49359975392
Vitória Rodrigues Carvalho,vitoria.rodrigues.carvalho.22674@example.com,Sorocaba,Fisioterapeuta,21,25385177265
Gabriel Araújo Dias,gabriel.araujo.dias.22675@example.com,Sorocaba,Gerente de operações,40,83541180962
Juliana Dias Oliveira,juliana.dias.oliveira.22676@example.com,Porto Alegre,Professor,18,37842721154
Rafael Silva Alves,rafael.silva.alves.22677@example.com,Santos,Professor,52,21525935935
Felipe Barros Carvalho,felipe.barros.carvalho.22678@example.com,Rio de Janeiro,Gerente financeiro,66,63335769242
Paulo Barros Alves,paulo.barros.alves.22679@example.com,Porto Alegre,Estoquista,54,35919960506
Vanessa Rocha Lima,vanessa.rocha.lima.22680@example.com,Rondonópolis,Supervisor de vendas,58,66561914179
Vinícius Costa Carvalho,vinicius.costa.carvalho.22681@example.com,Uberlândia,Mecânico,32,21768917604
Sérgio Moreira Cardoso,sergio.moreira.cardoso.22682@example.com,Natal,Líder de equipe,45,68813281639
Mariana Ribeiro Nascimento,mariana.ribeiro.nascimento.22683@example.com,Brasília,Gerente de recursos humanos,66,43340305622
Gabriel Souza Freitas,gabriel.souza.freitas.22684@example.com,Salvador,Auxiliar de produção,59,09562629985
Diego Fernandes Carvalho,diego.fernandes.carvalho.22685@example.com,Campinas,Diretor comercial,49,05418682805
Eduardo Dias Silva,eduardo.dias.silva.22686@example.com,Maringá,Gerente financeiro,65,63312934249
Fernanda Oliveira Castro,fernanda.oliveira.castro.22687@example.com,Manaus,Comprador,34,44442519514
Débora Gomes Nascimento,debora.gomes.nascimento.22688@example.com,Maringá,Programador,18,61253975178
Camila Oliveira Lima,camila.oliveira.lima.22689@example.com,Londrina,Chefe de departamento pessoal,58,87077224555
Sandra Rocha Oliveira,sandra.rocha.oliveira.22690@example.com,Londrina,Coordenador de marketing,49,25749281541
Vitória Ribeiro Oliveira,vitoria.ribeiro.oliveira.22691@example.com,Rio de Janeiro,Professor,32,16064485761
Gabriel Rodrigues Teixeira,gabriel.rodrigues.teixeira.22692@example.com,Porto Alegre,Vendedor,46,84042845003
Ricardo Costa Castro,ricardo.costa.castro.22693@example.com,Porto Alegre,Vendedor,38,38931575885
Aline Rocha Ribeiro,aline.rocha.ribeiro.22694@example.com,Campo Grande,Analista de marketing,42,21009852376
Otávio Mendes Rodrigues,otavio.mendes.rodrigues.22695@example.com,Dourados,Operador de caixa,24,85885762963
Thiago Ribeiro Pereira,thiago.ribeiro.pereira.22696@example.com,Rio de Janeiro,Programador,67,47759514651
Ricardo Costa Moreira,ricardo.costa.moreira.22697@example.com,Niterói,Coordenador de produção,18,60951257181
Igor Costa Costa,igor.costa.costa.22698@example.com,Rondonópolis,Programador,36,95526100024
Ricardo Souza Nascimento,ricardo.souza.nascimento.22699@example.com,Florianópolis,Recepcionista,21,17481953842
Rafael Teixeira Ribeiro,rafael.teixeira.ribeiro.22700@example.com,Goiânia,Analista de marketing,61,20214188953
Sandra Martins Castro,sandra.martins.castro.22701@example.com,Vitória,Supervisor de vendas,29,18414763490
Tatiane Lima Ribeiro,tatiane.lima.ribeiro.22702@example.com,Dourados,Técnico de enfermagem,55,49883071214
Mariana Mendes Nascimento,mariana.mendes.nascimento.22703@example.com,Campinas,Contador,41,98252584738
Carolina Cardoso Nascimento,carolina.cardoso.nascimento.22704@example.com,São Paulo,Diretor comercial,50,06817188338
Rafael Barros Oliveira,rafael.barros.oliveira.22705@example.com,Campo Grande,Coordenador administrativo,29,15081199338
José Carvalho Souza,jose.carvalho.souza.22706@example.com,Niterói,Chefe de departamento pessoal,61,91171911769
Débora Rocha Rodrigues,debora.rocha.rodrigues.22707@example.com,Florianópolis,Gerente financeiro,56,85754774258
Mariana Almeida Carvalho,mariana.almeida.carvalho.22708@example.com,Fortaleza,Fisioterapeuta,33,37672704551
Letícia Almeida Martins,leticia.almeida.martins.22709@example.com,Londrina,Motorista,60,16977766059
Rafael Teixeira Pereira,rafael.teixeira.pereira.22710@example.com,Recife,Supervisor de atendimento,27,69492515746
Vitória Gomes Dias,vitoria.gomes.dias.22711@example.com,Niterói,Designer gráfico,42,24139710639
Gabriel Fernandes Silva,gabriel.fernandes.silva.22712@example.com,Caxias do Sul,Diretor comercial,35,84599181237
Beatriz Santos Dias,beatriz.santos.dias.22713@example.com,Belo Horizonte,Chefe de departamento pessoal,24,48555517999
Otávio Martins Nascimento,otavio.martins.nascimento.22714@example.com,Florianópolis,Técnico de segurança do trabalho,55,07295711713
Carolina Mendes Carvalho,carolina.mendes.carvalho.22715@example.com,Uberlândia,Corretor de imóveis,32,66913801039
Mariana Dias Santos,mariana.dias.santos.22716@example.com,Brasília,Contador,19,28616755519
Vitória Ribeiro Santos,vitoria.ribeiro.santos.22717@example.com,Brasília,Estoquista,51,82447862787
Otávio Oliveira Barros,otavio.oliveira.barros.22718@example.com,Campinas,Comprador,28,92890197657
Fernanda Souza Castro,fernanda.souza.castro.22719@example.com,Belém,Gerente comercial,36,52871023499
Letícia Silva Silva,leticia.silva.silva.22720@example.com,Rondonópolis,Técnico de segurança do trabalho,31,98156123610
Gabriel Oliveira Monteiro,gabriel.oliveira.monteiro.22721@example.com,Joinville,Supervisor de vendas,21,26629179082
Amanda Araújo Rodrigues,amanda.araujo.rodrigues.22722@example.com,Campo Grande,Técnico de enfermagem,48,41444700808
Bruno Souza Martins,bruno.souza.martins.22723@example.com,Uberlândia,Técnico de enfermagem,23,15877898174
Gustavo Castro Carvalho,gustavo.castro.carvalho.22724@example.com,Porto Alegre,Gerente comercial,24,71277739188
Eduardo Nascimento Monteiro,eduardo.nascimento.monteiro.22725@example.com,Goiânia,Coordenador de produção,27,10662890404
Vinícius Gomes Mendes,vinicius.gomes.mendes.22726@example.com,Rondonópolis,Arquiteto,43,46000804202
Débora Carvalho Freitas,debora.carvalho.freitas.22727@example.com,Manaus,Cozinheiro,67,60284681723
Aline Barbosa Castro,aline.barbosa.castro.22728@example.com,Santos,Gerente de operações,26,54127638636
Débora Pereira Carvalho,debora.pereira.carvalho.22729@example.com,Florianópolis,Estoquista,34,18429055766
Gabriela Silva Araújo,gabriela.silva.araujo.22730@example.com,Dourados,Assistente administrativo,40,75021384439
Leonardo Cardoso Costa,leonardo.cardoso.costa.22731@example.com,Porto Alegre,Chefe de compras,56,86136963154
Eduardo Cardoso Carvalho,eduardo.cardoso.carvalho.22732@example.com,Londrina,Designer gráfico,48,27155076332
Carolina Teixeira Ribeiro,carolina.teixeira.ribeiro.22733@example.com,Campinas,Corretor de imóveis,28,34091772447
Vitória Souza Alves,vitoria.souza.alves.22734@example.com,Curitiba,Designer gráfico,20,06432451623
Sérgio Rocha Gomes,sergio.rocha.gomes.22735@example.com,Caxias do Sul,Recepcionista,18,33239453736
Gabriela Rocha Rodrigues,gabriela.rocha.rodrigues.22736@example.com,Belém,Motorista,18,08515684984
Débora Gomes Castro,debora.gomes.castro.22737@example.com,Rondonópolis,Auxiliar de produção,37,67266543089
Pedro Pereira Costa,pedro.pereira.costa.22738@example.com,Cuiabá,Operador de caixa,60,12092995267
Aline Oliveira Barbosa,aline.oliveira.barbosa.22739@example.com,Uberlândia,Nutricionista,59,35464479165
Sandra Carvalho Freitas,sandra.carvalho.freitas.22740@example.com,Uberlândia,Eletricista,64,86891159783
Sérgio Souza Monteiro,sergio.souza.monteiro.22741@example.com,Brasília,Motorista,62,40568865883
Simone Moreira Moreira,simone.moreira.moreira.22742@example.com,Florianópolis,Arquiteto,21,95347585216
Paulo Silva Martins,paulo.silva.martins.22743@example.com,Niterói,Supervisor de vendas,23,99006824317
Sandra Moreira Almeida,sandra.moreira.almeida.22744@example.com,Florianópolis,Supervisor de manutenção,55,55541276393
Débora Pereira Carvalho,debora.pereira.carvalho.22745@example.com,Porto Alegre,Líder de equipe,36,64237090978
Paulo Araújo Alves,paulo.araujo.alves.22746@example.com,Santos,Coordenador de logística,32,56869407568
Henrique Martins Moreira,henrique.martins.moreira.22747@example.com,Londrina,Contador,30,64119522535
Felipe Teixeira Nascimento,felipe.teixeira.nascimento.22748@example.com,Manaus,Analista de marketing,39,47891519858
Thiago Barbosa Mendes,thiago.barbosa.mendes.22749@example.com,Campo Grande,Líder de equipe,40,17163369390
Mariana Rodrigues Barbosa,mariana.rodrigues.barbosa.22750@example.com,Vitória,Técnico de enfermagem,59,81915312045
Amanda Carvalho Rocha,amanda.carvalho.rocha.22751@example.com,Dourados,Coordenador de logística,63,63806053098
Amanda Fernandes Cardoso,amanda.fernandes.cardoso.22752@example.com,Cuiabá,Técnico em informática,69,79252789052
Simone Nascimento Mendes,simone.nascimento.mendes.22753@example.com,Porto Alegre,Chefe de almoxarifado,52,87121127396
Amanda Ribeiro Martins,amanda.ribeiro.martins.22754@example.com,Uberlândia,Técnico de enfermagem,57,53917246265
José Rocha Lima,jose.rocha.lima.22755@example.com,Goiânia,Cozinheiro,67,97505283405
Nicolas Silva Rodrigues,nicolas.silva.rodrigues.22756@example.com,São Paulo,Auxiliar de produção,44,78182937238
Gabriel Dias Cardoso,gabriel.dias.cardoso.22757@example.com,Curitiba,Analista de dados,40,73451185346
Sandra Alves Monteiro,sandra.alves.monteiro.22758@example.com,Salvador,Contador,23,57284086673
Luana Mendes Lima,luana.mendes.lima.22759@example.com,Santos,Técnico de enfermagem,70,58676150789
Beatriz Barros Carvalho,beatriz.barros.carvalho.22760@example.com,Belém,Motorista,46,60075736555
Otávio Gomes Carvalho,otavio.gomes.carvalho.22761@example.com,Manaus,Diretor de operações,59,17071795909
José Teixeira Castro,jose.teixeira.castro.22762@example.com,Maringá,Auxiliar de produção,45,06564135865
Camila Barbosa Dias,camila.barbosa.dias.22763@example.com,Brasília,Operador de caixa,49,61794573895
Fernanda Lima Dias,fernanda.lima.dias.22764@example.com,Belo Horizonte,Gerente de tecnologia,24,99798412949
Aline Fernandes Rocha,aline.fernandes.rocha.22765@example.com,Fortaleza,Líder de equipe,32,02984989648
Thiago Costa Santos,thiago.costa.santos.22766@example.com,Porto Alegre,Fisioterapeuta,24,80475080289
Nicolas Costa Costa,nicolas.costa.costa.22767@example.com,Manaus,Chefe de almoxarifado,20,41972177406
Henrique Lima Mendes,henrique.lima.mendes.22768@example.com,Londrina,Pedreiro,30,06598747986
Camila Mendes Araújo,camila.mendes.araujo.22769@example.com,Londrina,Corretor de imóveis,57,15659880371
Sandra Souza Dias,sandra.souza.dias.22770@example.com,Campinas,Gerente de operações,50,17005148250
Gabriel Cardoso Rodrigues,gabriel.cardoso.rodrigues.22771@example.com,Cuiabá,Coordenador de logística,45,37093332153
Ricardo Alves Souza,ricardo.alves.souza.22772@example.com,Campinas,Corretor de imóveis,22,25983839093
Larissa Castro Araújo,larissa.castro.araujo.22773@example.com,Dourados,Gerente de tecnologia,59,74458089211
Daniela Almeida Lima,daniela.almeida.lima.22774@example.com,Londrina,Coordenador de produção,64,49472144505
Gustavo Rodrigues Almeida,gustavo.rodrigues.almeida.22775@example.com,Curitiba,Atendente,47,28179581739
Gustavo Teixeira Cardoso,gustavo.teixeira.cardoso.22776@example.com,Vitória,Líder de equipe,28,04169470769
Débora Rodrigues Teixeira,debora.rodrigues.teixeira.22777@example.com,Recife,Fisioterapeuta,43,72031403758
Otávio Barbosa Teixeira,otavio.barbosa.teixeira.22778@example.com,Joinville,Coordenador de marketing,32,68601529457
Tatiane Barros Nascimento,tatiane.barros.nascimento.22779@example.com,Uberlândia,Analista financeiro,54,61095994572
Camila Araújo Mendes,camila.araujo.mendes.22780@example.com,Goiânia,Programador,44,02076813696
Renata Alves Costa,renata.alves.costa.22781@example.com,Niterói,Encarregado de produção,25,85620047445
João Silva Souza,joao.silva.souza.22782@example.com,Sorocaba,Advogado,47,53555004136
Thiago Dias Dias,thiago.dias.dias.22783@example.com,Recife,Assistente administrativo,53,58572492437
Lucas Martins Rodrigues,lucas.martins.rodrigues.22784@example.com,Natal,Contador,63,26501985440
Fernanda Oliveira Oliveira,fernanda.oliveira.oliveira.22785@example.com,Florianópolis,Gerente de operações,54,94415759668
Diego Oliveira Barros,diego.oliveira.barros.22786@example.com,Cuiabá,Fisioterapeuta,68,86246149830
Carlos Freitas Dias,carlos.freitas.dias.22787@example.com,Campo Grande,Fisioterapeuta,60,22250813423
Sandra Barbosa Mendes,sandra.barbosa.mendes.22788@example.com,Florianópolis,Analista financeiro,30,98642597072
Simone Moreira Gomes,simone.moreira.gomes.22789@example.com,Sorocaba,Chefe de departamento pessoal,25,68095961365
Paulo Fernandes Nascimento,paulo.fernandes.nascimento.22790@example.com,Santos,Fisioterapeuta,54,31688753007
Priscila Lima Teixeira,priscila.lima.teixeira.22791@example.com,Rondonópolis,Eletricista,45,53545661037
Vinícius Carvalho Cardoso,vinicius.carvalho.cardoso.22792@example.com,Curitiba,Mecânico,29,72228770685
Amanda Pereira Silva,amanda.pereira.silva.22793@example.com,Maringá,Pedreiro,41,58612470694
João Monteiro Teixeira,joao.monteiro.teixeira.22794@example.com,Florianópolis,Advogado,20,33893571494
Fernanda Rodrigues Rodrigues,fernanda.rodrigues.rodrigues.22795@example.com,Florianópolis,Eletricista,43,57476953164
Amanda Ribeiro Pereira,amanda.ribeiro.pereira.22796@example.com,Manaus,Assistente administrativo,34,78859040824
Ana Oliveira Barros,ana.oliveira.barros.22797@example.com,Joinville,Eletricista,66,06965471800
Pedro Almeida Pereira,pedro.almeida.pereira.22798@example.com,Belém,Analista de dados,41,49255348209
Marcelo Souza Martins,marcelo.souza.martins.22799@example.com,Porto Alegre,Mecânico,45,44583591196
Otávio Rodrigues Moreira,otavio.rodrigues.moreira.22800@example.com,Manaus,Técnico de segurança do trabalho,57,56283800183
Amanda Gomes Ribeiro,amanda.gomes.ribeiro.22801@example.com,Belo Horizonte,Fisioterapeuta,28,25577415494
Daniela Rodrigues Freitas,daniela.rodrigues.freitas.22802@example.com,Londrina,Chefe de departamento pessoal,37,33727320216
Tatiane Carvalho Costa,tatiane.carvalho.costa.22803@example.com,Belo Horizonte,Técnico em informática,43,53785326181
Fernanda Santos Gomes,fernanda.santos.gomes.22804@example.com,Londrina,Analista de marketing,19,27120741331
Lucas Monteiro Santos,lucas.monteiro.santos.22805@example.com,Recife,Coordenador administrativo,53,38534793366
Henrique Araújo Castro,henrique.araujo.castro.22806@example.com,Porto Alegre,Analista de recursos humanos,57,78857938780
Beatriz Martins Teixeira,beatriz.martins.teixeira.22807@example.com,Porto Alegre,Padeiro,20,57125262938
Aline Rodrigues Lima,aline.rodrigues.lima.22808@example.com,Curitiba,Recepcionista,22,20524107844
Thiago Costa Rocha,thiago.costa.rocha.22809@example.com,Londrina,Técnico de segurança do trabalho,19,29632809095
Lucas Souza Gomes,lucas.souza.gomes.22810@example.com,Belém,Chefe de departamento pessoal,61,99339326944
Beatriz Araújo Souza,beatriz.araujo.souza.22811@example.com,Campinas,Técnico de segurança do trabalho,28,26954365064
Simone Cardoso Barros,simone.cardoso.barros.22812@example.com,Goiânia,Gerente de tecnologia,33,09033373691
Igor Monteiro Nascimento,igor.monteiro.nascimento.22813@example.com,Sorocaba,Arquiteto,22,28941582651
Fernanda Lima Freitas,fernanda.lima.freitas.22814@example.com,Uberlândia,Professor,36,69207013441
Rafael Cardoso Souza,rafael.cardoso.souza.22815@example.com,Uberlândia,Mecânico,62,79341669967
Aline Almeida Gomes,aline.almeida.gomes.22816@example.com,Natal,Arquiteto,44,45278311337
Aline Oliveira Araújo,aline.oliveira.araujo.22817@example.com,Manaus,Mecânico,31,72257923088
Patrícia Teixeira Cardoso,patricia.teixeira.cardoso.22818@example.com,Rio de Janeiro,Técnico de enfermagem,28,74121582616
Ricardo Rodrigues Freitas,ricardo.rodrigues.freitas.22819@example.com,São Paulo,Auxiliar de produção,27,66740636739
José Lima Alves,jose.lima.alves.22820@example.com,Porto Alegre,Advogado,55,24259179278
Bruno Nascimento Santos,bruno.nascimento.santos.22821@example.com,Natal,Analista financeiro,65,54403503885
Sérgio Araújo Souza,sergio.araujo.souza.22822@example.com,Belo Horizonte,Motorista,35,68986242819
Sérgio Costa Oliveira,sergio.costa.oliveira.22823@example.com,Cuiabá,Chefe de almoxarifado,65,87698484470
Vitória Rocha Silva,vitoria.rocha.silva.22824@example.com,Santos,Técnico de segurança do trabalho,28,45821307773
Gabriel Souza Teixeira,gabriel.souza.teixeira.22825@example.com,Londrina,Chefe de departamento pessoal,26,89827982823
Priscila Carvalho Dias,priscila.carvalho.dias.22826@example.com,Cuiabá,Fisioterapeuta,35,80531754579
Rafael Teixeira Rodrigues,rafael.teixeira.rodrigues.22827@example.com,Santos,Mecânico,42,93852167485
Simone Souza Cardoso,simone.souza.cardoso.22828@example.com,Londrina,Jornalista,67,27062318940
Fernanda Freitas Pereira,fernanda.freitas.pereira.22829@example.com,Porto Alegre,Coordenador de logística,33,49678668026
Priscila Castro Rodrigues,priscila.castro.rodrigues.22830@example.com,Campinas,Supervisor de qualidade,21,21335855459
Débora Nascimento Silva,debora.nascimento.silva.22831@example.com,Campo Grande,Estoquista,47,65072134212
Mariana Lima Moreira,mariana.lima.moreira.22832@example.com,Manaus,Supervisor de manutenção,45,05441985959
Sandra Lima Mendes,sandra.lima.mendes.22833@example.com,Belém,Enfermeiro,52,21911301458
Amanda Cardoso Rocha,amanda.cardoso.rocha.22834@example.com,Rondonópolis,Auxiliar de produção,28,32869808438
Fernanda Barros Martins,fernanda.barros.martins.22835@example.com,Goiânia,Professor,19,52413219005
Juliana Almeida Oliveira,juliana.almeida.oliveira.22836@example.com,Cuiabá,Gerente comercial,26,85594755610
Marcelo Ribeiro Souza,marcelo.ribeiro.souza.22837@example.com,Dourados,Chefe de compras,47,65972125754
Paulo Araújo Rodrigues,paulo.araujo.rodrigues.22838@example.com,Belém,Motorista,54,05314666146
Letícia Castro Souza,leticia.castro.souza.22839@example.com,Londrina,Chefe de almoxarifado,36,82955690143
Sérgio Silva Silva,sergio.silva.silva.22840@example.com,Joinville,Gerente de recursos humanos,36,62639003228
Pedro Castro Nascimento,pedro.castro.nascimento.22841@example.com,Uberlândia,Mecânico,62,25765717691
Otávio Dias Araújo,otavio.dias.araujo.22842@example.com,Belo Horizonte,Arquiteto,25,99822841041
Fernanda Castro Fernandes,fernanda.castro.fernandes.22843@example.com,Goiânia,Advogado,20,65144547099
Patrícia Almeida Dias,patricia.almeida.dias.22844@example.com,Rondonópolis,Gerente de tecnologia,42,77994923631
Eduardo Gomes Castro,eduardo.gomes.castro.22845@example.com,Goiânia,Líder de equipe,27,50122629036
Camila Silva Castro,camila.silva.castro.22846@example.com,Fortaleza,Analista de marketing,28,89518656683
Vinícius Castro Gomes,vinicius.castro.gomes.22847@example.com,Dourados,Supervisor de qualidade,33,43670308603
José Fernandes Teixeira,jose.fernandes.teixeira.22848@example.com,Cuiabá,Supervisor de qualidade,51,68514171501
Gabriela Rocha Cardoso,gabriela.rocha.cardoso.22849@example.com,Rondonópolis,Assistente administrativo,36,01308124409
Henrique Santos Souza,henrique.santos.souza.22850@example.com,Natal,Eletricista,35,36090958729
José Barros Silva,jose.barros.silva.22851@example.com,Campo Grande,Cozinheiro,53,14755681219
Diego Monteiro Silva,diego.monteiro.silva.22852@example.com,Sorocaba,Nutricionista,38,91497690225
Tatiane Cardoso Alves,tatiane.cardoso.alves.22853@example.com,Porto Alegre,Diretor comercial,30,67501692793
Daniela Freitas Martins,daniela.freitas.martins.22854@example.com,Brasília,Chefe de compras,21,45953664916
Carlos Araújo Barbosa,carlos.araujo.barbosa.22855@example.com,Belo Horizonte,Técnico de enfermagem,43,99768828223
Eduardo Ribeiro Alves,eduardo.ribeiro.alves.22856@example.com,Dourados,Arquiteto,41,90775200067
Juliana Martins Silva,juliana.martins.silva.22857@example.com,Campinas,Contador,28,33593475386
Rafael Lima Castro,rafael.lima.castro.22858@example.com,Goiânia,Coordenador de marketing,18,38812542434
Felipe Rocha Lima,felipe.rocha.lima.22859@example.com,Niterói,Gerente comercial,70,87667901696
Ana Silva Cardoso,ana.silva.cardoso.22860@example.com,Goiânia,Farmacêutico,39,70049352805
Débora Costa Almeida,debora.costa.almeida.22861@example.com,São Paulo,Técnico em informática,54,80643930095
Eduardo Moreira Rocha,eduardo.moreira.rocha.22862@example.com,Caxias do Sul,Supervisor de vendas,68,03776424013
Pedro Fernandes Rocha,pedro.fernandes.rocha.22863@example.com,Salvador,Atendente,57,01623599634
Ana Souza Silva,ana.souza.silva.22864@example.com,Sorocaba,Motorista,42,58525528337
Vinícius Silva Alves,vinicius.silva.alves.22865@example.com,Manaus,Chefe de almoxarifado,47,40062021902
José Mendes Pereira,jose.mendes.pereira.22866@example.com,Belo Horizonte,Farmacêutico,42,33607083819
Patrícia Cardoso Santos,patricia.cardoso.santos.22867@example.com,Caxias do Sul,Auxiliar de produção,48,32855621704
Rafael Freitas Souza,rafael.freitas.souza.22868@example.com,Salvador,Padeiro,19,13286897898
Felipe Mendes Rodrigues,felipe.mendes.rodrigues.22869@example.com,Vitória,Padeiro,58,89086843891
Marcelo Rocha Santos,marcelo.rocha.santos.22870@example.com,Recife,Contador,32,51963050656
Thiago Freitas Cardoso,thiago.freitas.cardoso.22871@example.com,Rio de Janeiro,Analista financeiro,41,11911755524
Letícia Freitas Martins,leticia.freitas.martins.22872@example.com,Cuiabá,Advogado,40,50120308636
Rafael Mendes Mendes,rafael.mendes.mendes.22873@example.com,Campinas,Assistente comercial,25,11695571274
Felipe Nascimento Silva,felipe.nascimento.silva.22874@example.com,Rio de Janeiro,Encarregado de produção,29,09162839898
Luana Castro Silva,luana.castro.silva.22875@example.com,Niterói,Supervisor de vendas,53,56491080840
Henrique Santos Barros,henrique.santos.barros.22876@example.com,Joinville,Atendente,58,98696822364
Débora Martins Souza,debora.martins.souza.22877@example.com,Londrina,Farmacêutico,37,12091880212
Diego Alves Pereira,diego.alves.pereira.22878@example.com,Joinville,Jornalista,41,72146871294
Beatriz Fernandes Martins,beatriz.fernandes.martins.22879@example.com,Rio de Janeiro,Assistente administrativo,45,40293089953
Rafael Freitas Monteiro,rafael.freitas.monteiro.22880@example.com,Vitória,Técnico em informática,35,13267143189
Luana Costa Cardoso,luana.costa.cardoso.22881@example.com,Caxias do Sul,Gerente financeiro,27,34830206508
Beatriz Moreira Dias,beatriz.moreira.dias.22882@example.com,Caxias do Sul,Fisioterapeuta,48,21249807738
Nicolas Almeida Freitas,nicolas.almeida.freitas.22883@example.com,Maringá,Técnico de segurança do trabalho,48,36816589346
Priscila Oliveira Lima,priscila.oliveira.lima.22884@example.com,Caxias do Sul,Comprador,64,98929582836
Paulo Ribeiro Castro,paulo.ribeiro.castro.22885@example.com,Caxias do Sul,Programador,38,07843835985
Renata Freitas Castro,renata.freitas.castro.22886@example.com,Rio de Janeiro,Mecânico,69,03902449534
José Pereira Araújo,jose.pereira.araujo.22887@example.com,Fortaleza,Coordenador administrativo,55,21323527665
Otávio Araújo Castro,otavio.araujo.castro.22888@example.com,Natal,Motorista,32,89085608612
Marcelo Cardoso Costa,marcelo.cardoso.costa.22889@example.com,Cuiabá,Supervisor de qualidade,42,54416208635
Diego Costa Gomes,diego.costa.gomes.22890@example.com,Rondonópolis,Vendedor,61,24075361749
Gabriel Moreira Teixeira,gabriel.moreira.teixeira.22891@example.com,Vitória,Vendedor,66,93892282195
Eduardo Barros Carvalho,eduardo.barros.carvalho.22892@example.com,Porto Alegre,Enfermeiro,59,98565189676
Renata Ribeiro Araújo,renata.ribeiro.araujo.22893@example.com,Vitória,Programador,29,70121223020
Fernanda Nascimento Alves,fernanda.nascimento.alves.22894@example.com,Uberlândia,Engenheiro civil,26,70898810734
Débora Nascimento Monteiro,debora.nascimento.monteiro.22895@example.com,São Paulo,Gerente comercial,70,96876355013
Débora Oliveira Fernandes,debora.oliveira.fernandes.22896@example.com,Santos,Atendente,37,42126580471
Camila Barros Carvalho,camila.barros.carvalho.22897@example.com,Niterói,Gerente de tecnologia,54,99730104611
Felipe Freitas Ribeiro,felipe.freitas.ribeiro.22898@example.com,Joinville,Engenheiro civil,19,63308014637
Lucas Gomes Oliveira,lucas.gomes.oliveira.22899@example.com,Rio de Janeiro,Jornalista,34,40542781165
João Souza Rocha,joao.souza.rocha.22900@example.com,Caxias do Sul,Gerente comercial,50,43711474163
Felipe Souza Cardoso,felipe.souza.cardoso.22901@example.com,Dourados,Coordenador administrativo,51,03717817162
Priscila Dias Freitas,priscila.dias.freitas.22902@example.com,Belém,Analista de marketing,58,78525442870
Ricardo Castro Lima,ricardo.castro.lima.22903@example.com,Recife,Gerente financeiro,52,31336540700
Fernanda Barbosa Cardoso,fernanda.barbosa.cardoso.22904@example.com,Uberlândia,Diretor de operações,45,66157963014
Igor Carvalho Santos,igor.carvalho.santos.22905@example.com,Belém,Supervisor de qualidade,66,15838235688
Paulo Oliveira Martins,paulo.oliveira.martins.22906@example.com,Caxias do Sul,Programador,66,81515608539
Luana Alves Souza,luana.alves.souza.22907@example.com,Dourados,Coordenador de logística,66,99388411067
Gustavo Moreira Teixeira,gustavo.moreira.teixeira.22908@example.com,Maringá,Motorista,52,74944828377
Amanda Alves Nascimento,amanda.alves.nascimento.22909@example.com,Santos,Gerente de recursos humanos,68,29393241787
João Castro Rocha,joao.castro.rocha.22910@example.com,Belém,Atendente,60,37203109281
Vanessa Moreira Lima,vanessa.moreira.lima.22911@example.com,Belém,Assistente administrativo,57,05071253184
Carlos Almeida Silva,carlos.almeida.silva.22912@example.com,Vitória,Corretor de imóveis,67,19125607003
Amanda Barbosa Araújo,amanda.barbosa.araujo.22913@example.com,Curitiba,Jornalista,69,36380077786
Henrique Lima Ribeiro,henrique.lima.ribeiro.22914@example.com,Fortaleza,Designer gráfico,28,66228491981
Fernanda Nascimento Barbosa,fernanda.nascimento.barbosa.22915@example.com,Goiânia,Pedreiro,34,75612841451
Ana Fernandes Carvalho,ana.fernandes.carvalho.22916@example.com,Londrina,Nutricionista,52,45491423878
Diego Dias Ribeiro,diego.dias.ribeiro.22917@example.com,Dourados,Corretor de imóveis,50,40451583803
Ana Carvalho Carvalho,ana.carvalho.carvalho.22918@example.com,Campinas,Chefe de departamento pessoal,20,89709182045
Juliana Carvalho Ribeiro,juliana.carvalho.ribeiro.22919@example.com,Campo Grande,Encarregado de produção,43,61252978020
Daniela Costa Dias,daniela.costa.dias.22920@example.com,Niterói,Operador de caixa,28,97857693379
Thiago Santos Alves,thiago.santos.alves.22921@example.com,Santos,Programador,44,09422434291
José Freitas Araújo,jose.freitas.araujo.22922@example.com,Goiânia,Operador de caixa,70,45966191046
Ricardo Mendes Cardoso,ricardo.mendes.cardoso.22923@example.com,Goiânia,Vendedor,24,76165475523
Aline Silva Araújo,aline.silva.araujo.22924@example.com,Belém,Mecânico,49,66678991777
João Mendes Costa,joao.mendes.costa.22925@example.com,Natal,Gerente de tecnologia,34,23377612818
Sérgio Carvalho Araújo,sergio.carvalho.araujo.22926@example.com,Vitória,Professor,67,98744862983
Vanessa Rodrigues Barros,vanessa.rodrigues.barros.22927@example.com,Belo Horizonte,Motorista,40,96622511221
Gabriel Santos Cardoso,gabriel.santos.cardoso.22928@example.com,Londrina,Auxiliar de produção,67,24649183346
Otávio Castro Teixeira,otavio.castro.teixeira.22929@example.com,Niterói,Fisioterapeuta,60,91282089295
Vitória Rocha Oliveira,vitoria.rocha.oliveira.22930@example.com,Belém,Comprador,40,94793682778
Larissa Alves Lima,larissa.alves.lima.22931@example.com,Salvador,Farmacêutico,56,22489707210
Carolina Ribeiro Rodrigues,carolina.ribeiro.rodrigues.22932@example.com,Porto Alegre,Gerente de operações,47,66230481475
Diego Souza Carvalho,diego.souza.carvalho.22933@example.com,São Paulo,Contador,37,88799206526
Eduardo Dias Cardoso,eduardo.dias.cardoso.22934@example.com,Joinville,Líder de equipe,28,71052661297
Otávio Dias Freitas,otavio.dias.freitas.22935@example.com,Fortaleza,Líder de equipe,20,54494053807
Otávio Fernandes Oliveira,otavio.fernandes.oliveira.22936@example.com,Sorocaba,Estoquista,37,87403202911
Beatriz Silva Santos,beatriz.silva.santos.22937@example.com,Goiânia,Supervisor de vendas,47,38555613606
Nicolas Santos Souza,nicolas.santos.souza.22938@example.com,Porto Alegre,Analista de dados,26,00436545667
Juliana Almeida Mendes,juliana.almeida.mendes.22939@example.com,Rondonópolis,Padeiro,20,77870597055
Ana Gomes Lima,ana.gomes.lima.22940@example.com,Florianópolis,Contador,50,44383657628
Vitória Rodrigues Barros,vitoria.rodrigues.barros.22941@example.com,Belém,Professor,28,47409800052
Pedro Fernandes Lima,pedro.fernandes.lima.22942@example.com,Brasília,Farmacêutico,57,29338073596
Beatriz Silva Rocha,beatriz.silva.rocha.22943@example.com,Campinas,Mecânico,26,10709379144
José Almeida Oliveira,jose.almeida.oliveira.22944@example.com,Dourados,Assistente administrativo,34,74606251075
Thiago Teixeira Castro,thiago.teixeira.castro.22945@example.com,Santos,Coordenador administrativo,48,87186905072
Gustavo Mendes Dias,gustavo.mendes.dias.22946@example.com,Maringá,Técnico de enfermagem,37,32840598078
Juliana Cardoso Santos,juliana.cardoso.santos.22947@example.com,Vitória,Fisioterapeuta,42,50718540416
Felipe Fernandes Gomes,felipe.fernandes.gomes.22948@example.com,Recife,Supervisor de qualidade,39,70461485947
Simone Mendes Fernandes,simone.mendes.fernandes.22949@example.com,Fortaleza,Operador de caixa,25,08820403562
Henrique Mendes Silva,henrique.mendes.silva.22950@example.com,Joinville,Arquiteto,20,34764265388
Bruno Dias Monteiro,bruno.dias.monteiro.22951@example.com,Fortaleza,Gerente de tecnologia,56,88495243085
Otávio Silva Barbosa,otavio.silva.barbosa.22952@example.com,Curitiba,Técnico em informática,20,43270202594
Felipe Barros Souza,felipe.barros.souza.22953@example.com,Maringá,Arquiteto,33,94459994726
Camila Monteiro Teixeira,camila.monteiro.teixeira.22954@example.com,Florianópolis,Advogado,42,23443117747
Larissa Rodrigues Moreira,larissa.rodrigues.moreira.22955@example.com,Goiânia,Fisioterapeuta,42,12080642144
Tatiane Moreira Souza,tatiane.moreira.souza.22956@example.com,Recife,Líder de equipe,50,93573045030
Henrique Silva Nascimento,henrique.silva.nascimento.22957@example.com,Salvador,Diretor de operações,65,91066795594
Felipe Cardoso Souza,felipe.cardoso.souza.22958@example.com,Recife,Atendente,69,27614333905
Beatriz Araújo Pereira,beatriz.araujo.pereira.22959@example.com,Goiânia,Coordenador administrativo,18,48476964374
Gabriela Monteiro Lima,gabriela.monteiro.lima.22960@example.com,Santos,Supervisor de vendas,64,27601807860
Marcelo Almeida Freitas,marcelo.almeida.freitas.22961@example.com,Campinas,Técnico de segurança do trabalho,52,76123101143
Mariana Barbosa Pereira,mariana.barbosa.pereira.22962@example.com,Sorocaba,Comprador,43,40592591505
Thiago Almeida Dias,thiago.almeida.dias.22963@example.com,Cuiabá,Diretor de operações,54,60455373438
Priscila Araújo Fernandes,priscila.araujo.fernandes.22964@example.com,Rio de Janeiro,Cozinheiro,40,84367851829
Gustavo Teixeira Almeida,gustavo.teixeira.almeida.22965@example.com,Caxias do Sul,Jornalista,67,69050961718
Daniela Souza Carvalho,daniela.souza.carvalho.22966@example.com,Uberlândia,Técnico em informática,20,83016745030
Ricardo Cardoso Moreira,ricardo.cardoso.moreira.22967@example.com,Santos,Chefe de almoxarifado,33,81313582743
Carolina Oliveira Cardoso,carolina.oliveira.cardoso.22968@example.com,Campo Grande,Padeiro,39,49894701864
Bruno Freitas Silva,bruno.freitas.silva.22969@example.com,São Paulo,Gerente financeiro,59,17853957953
Daniela Moreira Rodrigues,daniela.moreira.rodrigues.22970@example.com,Brasília,Padeiro,18,14961348212
Rafael Monteiro Silva,rafael.monteiro.silva.22971@example.com,Joinville,Chefe de almoxarifado,26,38703778984
Marcelo Souza Castro,marcelo.souza.castro.22972@example.com,Caxias do Sul,Coordenador administrativo,23,62414289554
Luana Rocha Oliveira,luana.rocha.oliveira.22973@example.com,Belém,Estoquista,59,51342803922
Diego Cardoso Martins,diego.cardoso.martins.22974@example.com,Caxias do Sul,Chefe de almoxarifado,63,29884147483
Gabriel Nascimento Barbosa,gabriel.nascimento.barbosa.22975@example.com,Sorocaba,Coordenador de logística,22,65051707576
Henrique Moreira Alves,henrique.moreira.alves.22976@example.com,Londrina,Coordenador de produção,36,98642207987
Juliana Monteiro Souza,juliana.monteiro.souza.22977@example.com,Rondonópolis,Gerente de tecnologia,23,44449697959
Luana Silva Rocha,luana.silva.rocha.22978@example.com,Londrina,Pedreiro,58,35637575077
Sandra Martins Almeida,sandra.martins.almeida.22979@example.com,Rondonópolis,Supervisor de manutenção,41,06990375820
Gabriela Santos Santos,gabriela.santos.santos.22980@example.com,Dourados,Enfermeiro,54,84211435705
Henrique Santos Fernandes,henrique.santos.fernandes.22981@example.com,Goiânia,Gerente de operações,38,96292798168
Marcelo Carvalho Gomes,marcelo.carvalho.gomes.22982@example.com,Sorocaba,Comprador,18,47679531927
Débora Martins Santos,debora.martins.santos.22983@example.com,Joinville,Auxiliar de produção,68,76198337293
Vanessa Lima Barbosa,vanessa.lima.barbosa.22984@example.com,Rio de Janeiro,Chefe de departamento pessoal,69,83543319204
Henrique Santos Castro,henrique.santos.castro.22985@example.com,Maringá,Técnico em informática,45,21126154826
Ricardo Oliveira Almeida,ricardo.oliveira.almeida.22986@example.com,Florianópolis,Coordenador de logística,28,47048317711
Aline Alves Alves,aline.alves.alves.22987@example.com,Dourados,Eletricista,29,76966179706
Simone Nascimento Castro,simone.nascimento.castro.22988@example.com,Porto Alegre,Estoquista,63,77807047369
Lucas Ribeiro Castro,lucas.ribeiro.castro.22989@example.com,Campo Grande,Advogado,69,61731114548
Rafael Oliveira Gomes,rafael.oliveira.gomes.22990@example.com,Vitória,Fisioterapeuta,46,19825580974
Rafael Cardoso Pereira,rafael.cardoso.pereira.22991@example.com,Belo Horizonte,Operador de caixa,23,14722168377
Diego Monteiro Alves,diego.monteiro.alves.22992@example.com,Curitiba,Corretor de imóveis,64,72758162974
Ana Almeida Araújo,ana.almeida.araujo.22993@example.com,Niterói,Supervisor de manutenção,70,07232387625
Felipe Araújo Moreira,felipe.araujo.moreira.22994@example.com,Manaus,Gerente de operações,53,80603964889
Amanda Alves Rocha,amanda.alves.rocha.22995@example.com,Goiânia,Analista de marketing,48,85542156033
Gustavo Silva Fernandes,gustavo.silva.fernandes.22996@example.com,Rio de Janeiro,Coordenador administrativo,19,19797333766
Carolina Almeida Monteiro,carolina.almeida.monteiro.22997@example.com,Sorocaba,Chefe de compras,63,03930736019
Otávio Castro Cardoso,otavio.castro.cardoso.22998@example.com,Fortaleza,Diretor de operações,24,80566065435
Amanda Rocha Oliveira,amanda.rocha.oliveira.22999@example.com,Belém,Professor,43,80983537305
Vitória Silva Fernandes,vitoria.silva.fernandes.23000@example.com,Niterói,Diretor comercial,47,25175935505
Renata Teixeira Barbosa,renata.teixeira.barbosa.23001@example.com,Florianópolis,Enfermeiro,40,88189287890
Simone Moreira Alves,simone.moreira.alves.23002@example.com,Sorocaba,Supervisor de atendimento,30,29562128614
Carolina Silva Teixeira,carolina.silva.teixeira.23003@example.com,Fortaleza,Auxiliar de produção,50,89623994505
Larissa Monteiro Moreira,larissa.monteiro.moreira.23004@example.com,Londrina,Atendente,57,93697112812
Diego Carvalho Cardoso,diego.carvalho.cardoso.23005@example.com,Fortaleza,Padeiro,30,40441640280
Fernanda Carvalho Cardoso,fernanda.carvalho.cardoso.23006@example.com,Salvador,Arquiteto,37,22232776155
Henrique Almeida Carvalho,henrique.almeida.carvalho.23007@example.com,Londrina,Analista financeiro,25,71716180313
Daniela Gomes Castro,daniela.gomes.castro.23008@example.com,Santos,Mecânico,63,79863445339
Ana Ribeiro Barbosa,ana.ribeiro.barbosa.23009@example.com,Joinville,Fisioterapeuta,48,40404540694
Carlos Santos Santos,carlos.santos.santos.23010@example.com,Brasília,Analista financeiro,41,36054557860
Leonardo Souza Oliveira,leonardo.souza.oliveira.23011@example.com,São Paulo,Motorista,55,08937253624
João Oliveira Teixeira,joao.oliveira.teixeira.23012@example.com,Vitória,Contador,23,59042807827
Henrique Barros Nascimento,henrique.barros.nascimento.23013@example.com,Uberlândia,Técnico de enfermagem,45,02453275409
Camila Ribeiro Nascimento,camila.ribeiro.nascimento.23014@example.com,Goiânia,Fisioterapeuta,55,95465040341
Priscila Barbosa Fernandes,priscila.barbosa.fernandes.23015@example.com,Rondonópolis,Analista de dados,55,34844866700
Rafael Cardoso Souza,rafael.cardoso.souza.23016@example.com,Fortaleza,Atendente,22,42063883131
Carolina Alves Barbosa,carolina.alves.barbosa.23017@example.com,Curitiba,Líder de equipe,20,00432041150
José Rodrigues Araújo,jose.rodrigues.araujo.23018@example.com,Florianópolis,Técnico de enfermagem,39,99446063599
Gabriel Martins Martins,gabriel.martins.martins.23019@example.com,Santos,Gerente financeiro,43,50693071904
Vinícius Rocha Barros,vinicius.rocha.barros.23020@example.com,Uberlândia,Designer gráfico,46,87745093460
Ana Cardoso Fernandes,ana.cardoso.fernandes.23021@example.com,Natal,Gerente financeiro,58,75458731755
Larissa Carvalho Dias,larissa.carvalho.dias.23022@example.com,Maringá,Chefe de almoxarifado,45,61194707834
Rafael Oliveira Rodrigues,rafael.oliveira.rodrigues.23023@example.com,Florianópolis,Pedreiro,33,92991202715
Simone Castro Gomes,simone.castro.gomes.23024@example.com,Goiânia,Mecânico,33,14685633472
Mariana Almeida Oliveira,mariana.almeida.oliveira.23025@example.com,Caxias do Sul,Estoquista,47,51614851756
Gabriel Fernandes Monteiro,gabriel.fernandes.monteiro.23026@example.com,Florianópolis,Eletricista,49,27720643813
Aline Martins Almeida,aline.martins.almeida.23027@example.com,Maringá,Designer gráfico,34,14051742102
Patrícia Lima Santos,patricia.lima.santos.23028@example.com,Brasília,Nutricionista,33,13411927161
Thiago Teixeira Gomes,thiago.teixeira.gomes.23029@example.com,Fortaleza,Analista de dados,47,96463325809
Aline Carvalho Almeida,aline.carvalho.almeida.23030@example.com,Vitória,Supervisor de atendimento,35,10697384328
Carlos Gomes Fernandes,carlos.gomes.fernandes.23031@example.com,Goiânia,Supervisor de manutenção,25,10842626913
Renata Castro Dias,renata.castro.dias.23032@example.com,Caxias do Sul,Cozinheiro,70,28094648309
Bruno Ribeiro Teixeira,bruno.ribeiro.teixeira.23033@example.com,Campo Grande,Designer gráfico,33,85543862051
Rafael Silva Rocha,rafael.silva.rocha.23034@example.com,Belo Horizonte,Diretor comercial,67,07392763054
Larissa Teixeira Silva,larissa.teixeira.silva.23035@example.com,Belém,Cozinheiro,59,32166907598
Henrique Cardoso Souza,henrique.cardoso.souza.23036@example.com,Brasília,Operador de caixa,26,16103896879
Lucas Araújo Santos,lucas.araujo.santos.23037@example.com,Belém,Técnico de segurança do trabalho,18,95140121887
Daniela Barbosa Dias,daniela.barbosa.dias.23038@example.com,Manaus,Pedreiro,40,93195527273
Amanda Barbosa Fernandes,amanda.barbosa.fernandes.23039@example.com,Brasília,Supervisor de atendimento,24,68217428690
Ricardo Barbosa Oliveira,ricardo.barbosa.oliveira.23040@example.com,Campo Grande,Contador,70,04806143898
Henrique Martins Lima,henrique.martins.lima.23041@example.com,Maringá,Farmacêutico,59,04857347783
Gustavo Teixeira Mendes,gustavo.teixeira.mendes.23042@example.com,Florianópolis,Padeiro,27,62787631724
Otávio Monteiro Alves,otavio.monteiro.alves.23043@example.com,Londrina,Programador,70,01977633824
Amanda Almeida Souza,amanda.almeida.souza.23044@example.com,Rio de Janeiro,Líder de equipe,41,11292872049
Renata Mendes Almeida,renata.mendes.almeida.23045@example.com,Santos,Jornalista,40,58464455668
Priscila Almeida Moreira,priscila.almeida.moreira.23046@example.com,Campo Grande,Enfermeiro,60,43426218528
Vinícius Souza Silva,vinicius.souza.silva.23047@example.com,Recife,Advogado,45,48796407991
Igor Moreira Souza,igor.moreira.souza.23048@example.com,Joinville,Eletricista,65,30316810210
José Dias Almeida,jose.dias.almeida.23049@example.com,Rio de Janeiro,Recepcionista,41,15988738732
Vanessa Araújo Dias,vanessa.araujo.dias.23050@example.com,Cuiabá,Supervisor de vendas,20,01437457827
Gabriel Fernandes Freitas,gabriel.fernandes.freitas.23051@example.com,Fortaleza,Designer gráfico,59,34729765823
Letícia Monteiro Alves,leticia.monteiro.alves.23052@example.com,Rio de Janeiro,Operador de caixa,68,24503833165
Carlos Silva Monteiro,carlos.silva.monteiro.23053@example.com,Rondonópolis,Técnico de segurança do trabalho,69,54868485958
Gabriel Castro Almeida,gabriel.castro.almeida.23054@example.com,Recife,Arquiteto,54,81655091319
Lucas Teixeira Rodrigues,lucas.teixeira.rodrigues.23055@example.com,Vitória,Estoquista,26,75083749021
Vinícius Rodrigues Barros,vinicius.rodrigues.barros.23056@example.com,São Paulo,Coordenador de marketing,24,72751438978
Amanda Dias Pereira,amanda.dias.pereira.23057@example.com,Florianópolis,Diretor comercial,66,00858249615
Letícia Costa Costa,leticia.costa.costa.23058@example.com,Curitiba,Gerente de recursos humanos,51,12159906024
Aline Carvalho Oliveira,aline.carvalho.oliveira.23059@example.com,Porto Alegre,Supervisor de vendas,20,16305556584
Gabriel Costa Santos,gabriel.costa.santos.23060@example.com,Florianópolis,Supervisor de qualidade,58,88649109558
Juliana Cardoso Oliveira,juliana.cardoso.oliveira.23061@example.com,Caxias do Sul,Supervisor de vendas,32,47005626951
Sérgio Cardoso Castro,sergio.cardoso.castro.23062@example.com,Sorocaba,Analista de recursos humanos,65,06630135341
Larissa Barros Carvalho,larissa.barros.carvalho.23063@example.com,Manaus,Atendente,55,08610503753
Luana Pereira Dias,luana.pereira.dias.23064@example.com,Londrina,Diretor comercial,37,23255182621
Simone Costa Nascimento,simone.costa.nascimento.23065@example.com,Maringá,Gerente de tecnologia,26,79061012196
Carlos Silva Moreira,carlos.silva.moreira.23066@example.com,Florianópolis,Gerente de tecnologia,49,47510522660
Larissa Nascimento Freitas,larissa.nascimento.freitas.23067@example.com,Cuiabá,Gerente de tecnologia,59,67869726265
Bruno Teixeira Souza,bruno.teixeira.souza.23068@example.com,Brasília,Assistente comercial,26,21260449744
Luana Araújo Mendes,luana.araujo.mendes.23069@example.com,Maringá,Gerente de operações,63,64628736797
Gustavo Araújo Barbosa,gustavo.araujo.barbosa.23070@example.com,Caxias do Sul,Analista financeiro,54,93156426896
Carlos Fernandes Lima,carlos.fernandes.lima.23071@example.com,Natal,Gerente comercial,37,12499044650
Carlos Nascimento Rodrigues,carlos.nascimento.rodrigues.23072@example.com,Campinas,Farmacêutico,61,96574365443
Daniela Gomes Barbosa,daniela.gomes.barbosa.23073@example.com,São Paulo,Mecânico,30,78638573196
Felipe Almeida Moreira,felipe.almeida.moreira.23074@example.com,Maringá,Gerente de recursos humanos,23,27006034314
Amanda Souza Almeida,amanda.souza.almeida.23075@example.com,Joinville,Professor,30,15839236545
Aline Mendes Cardoso,aline.mendes.cardoso.23076@example.com,Manaus,Eletricista,22,81249755015
Sérgio Almeida Cardoso,sergio.almeida.cardoso.23077@example.com,Sorocaba,Estoquista,48,60513935327
Mariana Alves Castro,mariana.alves.castro.23078@example.com,Florianópolis,Analista de recursos humanos,68,95657577426
Paulo Costa Araújo,paulo.costa.araujo.23079@example.com,Uberlândia,Supervisor de atendimento,46,85870815107
Letícia Silva Mendes,leticia.silva.mendes.23080@example.com,Caxias do Sul,Diretor de operações,49,28306952690
Sérgio Nascimento Pereira,sergio.nascimento.pereira.23081@example.com,Fortaleza,Atendente,64,59140199637
Felipe Silva Dias,felipe.silva.dias.23082@example.com,Cuiabá,Chefe de almoxarifado,52,63926720828
Letícia Martins Alves,leticia.martins.alves.23083@example.com,Maringá,Diretor comercial,26,53019797100
Gabriel Barbosa Souza,gabriel.barbosa.souza.23084@example.com,Sorocaba,Analista financeiro,31,96813054989
Lucas Moreira Mendes,lucas.moreira.mendes.23085@example.com,Salvador,Coordenador de marketing,53,22767789076
Sandra Santos Araújo,sandra.santos.araujo.23086@example.com,Caxias do Sul,Jornalista,27,93446596326
Leonardo Nascimento Araújo,leonardo.nascimento.araujo.23087@example.com,Curitiba,Jornalista,22,48478963593
Vanessa Dias Martins,vanessa.dias.martins.23088@example.com,Sorocaba,Comprador,27,83114868436
Carolina Alves Silva,carolina.alves.silva.23089@example.com,Cuiabá,Coordenador administrativo,62,36990534587
Sérgio Pereira Rocha,sergio.pereira.rocha.23090@example.com,Caxias do Sul,Diretor de operações,53,13153579326
Felipe Carvalho Dias,felipe.carvalho.dias.23091@example.com,Londrina,Coordenador de marketing,30,91523222347
Sérgio Freitas Pereira,sergio.freitas.pereira.23092@example.com,Belém,Assistente comercial,69,22903183253
Gabriel Rocha Gomes,gabriel.rocha.gomes.23093@example.com,Joinville,Coordenador administrativo,28,86419236043
Thiago Carvalho Nascimento,thiago.carvalho.nascimento.23094@example.com,Belo Horizonte,Chefe de departamento pessoal,35,80769929626
Sandra Santos Costa,sandra.santos.costa.23095@example.com,Uberlândia,Analista de dados,28,12690353589
Pedro Souza Costa,pedro.souza.costa.23096@example.com,Londrina,Encarregado de produção,27,84097532766
Priscila Moreira Costa,priscila.moreira.costa.23097@example.com,Goiânia,Supervisor de vendas,70,85061697646
Gustavo Ribeiro Rodrigues,gustavo.ribeiro.rodrigues.23098@example.com,Belo Horizonte,Coordenador de logística,18,41063577039
Luana Oliveira Moreira,luana.oliveira.moreira.23099@example.com,Uberlândia,Gerente financeiro,68,08776468599
Diego Pereira Monteiro,diego.pereira.monteiro.23100@example.com,Recife,Técnico de segurança do trabalho,69,65955916397
Larissa Santos Santos,larissa.santos.santos.23101@example.com,Belém,Estoquista,69,68724298998
Juliana Souza Almeida,juliana.souza.almeida.23102@example.com,Natal,Técnico de enfermagem,61,28284488782
Daniela Dias Ribeiro,daniela.dias.ribeiro.23103@example.com,Fortaleza,Analista de dados,18,42774143311
Igor Martins Dias,igor.martins.dias.23104@example.com,Fortaleza,Coordenador de marketing,38,26526009755
Thiago Fernandes Lima,thiago.fernandes.lima.23105@example.com,Brasília,Professor,22,37133235560
Simone Silva Ribeiro,simone.silva.ribeiro.23106@example.com,Vitória,Analista financeiro,36,92544608474
Renata Teixeira Alves,renata.teixeira.alves.23107@example.com,Joinville,Coordenador de marketing,27,73289905005
Vanessa Moreira Souza,vanessa.moreira.souza.23108@example.com,Recife,Supervisor de manutenção,21,91213162622
Eduardo Araújo Lima,eduardo.araujo.lima.23109@example.com,Rondonópolis,Diretor de operações,52,44805487794
Pedro Dias Castro,pedro.dias.castro.23110@example.com,Rio de Janeiro,Líder de equipe,70,71925914510
Paulo Carvalho Costa,paulo.carvalho.costa.23111@example.com,Maringá,Encarregado de produção,59,26914459918
Juliana Lima Moreira,juliana.lima.moreira.23112@example.com,Campo Grande,Advogado,23,90696836609
Patrícia Cardoso Pereira,patricia.cardoso.pereira.23113@example.com,Sorocaba,Diretor de operações,40,54666955533
Diego Monteiro Barros,diego.monteiro.barros.23114@example.com,Uberlândia,Encarregado de produção,67,13670313409
Larissa Barros Mendes,larissa.barros.mendes.23115@example.com,Campo Grande,Gerente de tecnologia,52,78670040591
Aline Rodrigues Almeida,aline.rodrigues.almeida.23116@example.com,Rio de Janeiro,Gerente de operações,23,68371655126
Fernanda Lima Barbosa,fernanda.lima.barbosa.23117@example.com,Niterói,Chefe de compras,32,85509462508
Vanessa Lima Monteiro,vanessa.lima.monteiro.23118@example.com,Salvador,Assistente comercial,65,83753827610
Gustavo Rocha Fernandes,gustavo.rocha.fernandes.23119@example.com,Santos,Professor,62,03635101610
Fernanda Carvalho Nascimento,fernanda.carvalho.nascimento.23120@example.com,Curitiba,Técnico em informática,46,04382829979
Sandra Castro Mendes,sandra.castro.mendes.23121@example.com,Maringá,Coordenador de logística,69,21167003079
João Lima Carvalho,joao.lima.carvalho.23122@example.com,Porto Alegre,Cozinheiro,60,03203682581
Igor Barbosa Costa,igor.barbosa.costa.23123@example.com,Londrina,Coordenador de produção,18,19646438731
Thiago Carvalho Carvalho,thiago.carvalho.carvalho.23124@example.com,Joinville,Comprador,49,39819010718
Gabriela Nascimento Cardoso,gabriela.nascimento.cardoso.23125@example.com,Joinville,Coordenador de produção,42,92858891749
Otávio Castro Castro,otavio.castro.castro.23126@example.com,Uberlândia,Técnico de enfermagem,49,58827280400
Camila Rodrigues Alves,camila.rodrigues.alves.23127@example.com,Uberlândia,Supervisor de qualidade,24,11386229282
Ana Rodrigues Barros,ana.rodrigues.barros.23128@example.com,Porto Alegre,Chefe de departamento pessoal,23,46393713517
Marcelo Mendes Mendes,marcelo.mendes.mendes.23129@example.com,Joinville,Líder de equipe,24,16767863936
Bruno Alves Rodrigues,bruno.alves.rodrigues.23130@example.com,Sorocaba,Técnico em informática,57,97541987700
Carolina Souza Barros,carolina.souza.barros.23131@example.com,Niterói,Estoquista,34,23670479251
Henrique Pereira Santos,henrique.pereira.santos.23132@example.com,Brasília,Analista financeiro,49,37355597825
Otávio Silva Nascimento,otavio.silva.nascimento.23133@example.com,Maringá,Analista de marketing,54,06206343470
Beatriz Rocha Teixeira,beatriz.rocha.teixeira.23134@example.com,Campinas,Coordenador de marketing,26,50399205484
João Lima Oliveira,joao.lima.oliveira.23135@example.com,Florianópolis,Enfermeiro,21,74057041136
Henrique Dias Nascimento,henrique.dias.nascimento.23136@example.com,Maringá,Encarregado de produção,67,51489294100
José Lima Carvalho,jose.lima.carvalho.23137@example.com,Santos,Diretor comercial,69,12475534890
Carlos Oliveira Mendes,carlos.oliveira.mendes.23138@example.com,Florianópolis,Mecânico,46,82699008759
Vinícius Oliveira Souza,vinicius.oliveira.souza.23139@example.com,Londrina,Técnico de segurança do trabalho,29,33988686069
Diego Barbosa Nascimento,diego.barbosa.nascimento.23140@example.com,Fortaleza,Encarregado de produção,40,68481060680
Vinícius Carvalho Silva,vinicius.carvalho.silva.23141@example.com,Brasília,Supervisor de manutenção,29,96308070943
Bruno Santos Costa,bruno.santos.costa.23142@example.com,Rio de Janeiro,Analista financeiro,56,57960561469
Camila Ribeiro Rodrigues,camila.ribeiro.rodrigues.23143@example.com,Goiânia,Programador,60,25558884982
Nicolas Santos Rocha,nicolas.santos.rocha.23144@example.com,Joinville,Chefe de compras,27,06710808909
Tatiane Rocha Pereira,tatiane.rocha.pereira.23145@example.com,Belo Horizonte,Eletricista,41,64651541519
Amanda Ribeiro Barros,amanda.ribeiro.barros.23146@example.com,Dourados,Enfermeiro,64,41877425395
Fernanda Nascimento Monteiro,fernanda.nascimento.monteiro.23147@example.com,Campo Grande,Líder de equipe,18,45266400474
Ricardo Ribeiro Moreira,ricardo.ribeiro.moreira.23148@example.com,Uberlândia,Professor,37,19766467645
Sérgio Carvalho Dias,sergio.carvalho.dias.23149@example.com,Campinas,Encarregado de produção,56,30653856820
Gabriela Cardoso Barbosa,gabriela.cardoso.barbosa.23150@example.com,Campinas,Gerente comercial,70,20591431725
Juliana Martins Souza,juliana.martins.souza.23151@example.com,Campinas,Cozinheiro,68,46480590354
Marcelo Mendes Alves,marcelo.mendes.alves.23152@example.com,Santos,Gerente de operações,21,32812642028
Felipe Gomes Santos,felipe.gomes.santos.23153@example.com,Fortaleza,Diretor comercial,65,93451510198
Thiago Monteiro Barros,thiago.monteiro.barros.23154@example.com,Santos,Cozinheiro,31,23262755267
Otávio Alves Nascimento,otavio.alves.nascimento.23155@example.com,Brasília,Comprador,30,56334170542
Gustavo Almeida Santos,gustavo.almeida.santos.23156@example.com,Belo Horizonte,Estoquista,38,21029423431
Bruno Oliveira Fernandes,bruno.oliveira.fernandes.23157@example.com,Sorocaba,Coordenador administrativo,19,09146208419
Simone Martins Teixeira,simone.martins.teixeira.23158@example.com,Belo Horizonte,Fisioterapeuta,59,60146550104
Otávio Barros Mendes,otavio.barros.mendes.23159@example.com,Belém,Coordenador de produção,18,66931537184
Daniela Rodrigues Castro,daniela.rodrigues.castro.23160@example.com,Santos,Auxiliar de produção,57,67246090443
Gustavo Santos Mendes,gustavo.santos.mendes.23161@example.com,Campinas,Analista de recursos humanos,22,03254880173
Amanda Monteiro Rodrigues,amanda.monteiro.rodrigues.23162@example.com,Goiânia,Advogado,67,65401902096
Lucas Souza Silva,lucas.souza.silva.23163@example.com,Curitiba,Gerente de tecnologia,41,09740917121
Leonardo Araújo Ribeiro,leonardo.araujo.ribeiro.23164@example.com,Londrina,Assistente administrativo,51,92469677852
Simone Ribeiro Mendes,simone.ribeiro.mendes.23165@example.com,Uberlândia,Vendedor,60,11830229995
Daniela Santos Carvalho,daniela.santos.carvalho.23166@example.com,Campinas,Designer gráfico,21,99800920897
Sandra Ribeiro Cardoso,sandra.ribeiro.cardoso.23167@example.com,Salvador,Atendente,27,07853544428
Eduardo Castro Cardoso,eduardo.castro.cardoso.23168@example.com,Rondonópolis,Gerente de tecnologia,21,83104004073
Gustavo Rocha Gomes,gustavo.rocha.gomes.23169@example.com,Sorocaba,Advogado,23,87831315127
Vanessa Souza Gomes,vanessa.souza.gomes.23170@example.com,Sorocaba,Técnico de enfermagem,64,64942028127
Leonardo Moreira Barros,leonardo.moreira.barros.23171@example.com,Belo Horizonte,Diretor de operações,51,37223574676
João Cardoso Oliveira,joao.cardoso.oliveira.23172@example.com,Campinas,Técnico de enfermagem,26,55412914120
Renata Costa Ribeiro,renata.costa.ribeiro.23173@example.com,Salvador,Enfermeiro,69,43394085651
Camila Mendes Monteiro,camila.mendes.monteiro.23174@example.com,Belo Horizonte,Coordenador de logística,48,99226486578
Patrícia Lima Martins,patricia.lima.martins.23175@example.com,Uberlândia,Gerente comercial,54,84556032613
Marcelo Almeida Monteiro,marcelo.almeida.monteiro.23176@example.com,Londrina,Gerente de operações,45,76881171419
Bruno Costa Castro,bruno.costa.castro.23177@example.com,Niterói,Enfermeiro,67,26593607686
Eduardo Teixeira Silva,eduardo.teixeira.silva.23178@example.com,Campinas,Diretor de operações,65,66281142426
Fernanda Martins Teixeira,fernanda.martins.teixeira.23179@example.com,Vitória,Analista financeiro,44,38169565181
Pedro Silva Oliveira,pedro.silva.oliveira.23180@example.com,Rio de Janeiro,Gerente de operações,50,34277179482
Pedro Martins Moreira,pedro.martins.moreira.23181@example.com,Brasília,Auxiliar de produção,32,02836601195
Juliana Oliveira Alves,juliana.oliveira.alves.23182@example.com,Niterói,Engenheiro civil,60,13010600376
Vitória Lima Dias,vitoria.lima.dias.23183@example.com,Dourados,Motorista,30,54578799219
Vinícius Martins Teixeira,vinicius.martins.teixeira.23184@example.com,Belo Horizonte,Comprador,65,94020218792
Eduardo Rodrigues Alves,eduardo.rodrigues.alves.23185@example.com,Caxias do Sul,Arquiteto,35,64925709268
Renata Lima Cardoso,renata.lima.cardoso.23186@example.com,Brasília,Chefe de compras,24,62356965891
Leonardo Monteiro Pereira,leonardo.monteiro.pereira.23187@example.com,Caxias do Sul,Analista de recursos humanos,47,24719100325
Gustavo Oliveira Fernandes,gustavo.oliveira.fernandes.23188@example.com,Fortaleza,Estoquista,38,26176598848
Carolina Dias Dias,carolina.dias.dias.23189@example.com,Joinville,Técnico em informática,50,73628663215
Carlos Barros Teixeira,carlos.barros.teixeira.23190@example.com,Santos,Designer gráfico,18,94824748008
Patrícia Monteiro Ribeiro,patricia.monteiro.ribeiro.23191@example.com,Joinville,Fisioterapeuta,59,89258318246
Pedro Souza Ribeiro,pedro.souza.ribeiro.23192@example.com,Rio de Janeiro,Analista financeiro,67,26553896241
Paulo Cardoso Araújo,paulo.cardoso.araujo.23193@example.com,São Paulo,Analista financeiro,60,82939367818
Patrícia Rodrigues Gomes,patricia.rodrigues.gomes.23194@example.com,Rio de Janeiro,Cozinheiro,30,18459633401
Otávio Barbosa Costa,otavio.barbosa.costa.23195@example.com,Porto Alegre,Supervisor de vendas,63,59477469521
Thiago Barbosa Teixeira,thiago.barbosa.teixeira.23196@example.com,Salvador,Pedreiro,19,01633136307
Aline Pereira Barros,aline.pereira.barros.23197@example.com,Maringá,Recepcionista,64,77287059124
Luana Gomes Silva,luana.gomes.silva.23198@example.com,Campo Grande,Engenheiro civil,67,06751647079
Eduardo Nascimento Castro,eduardo.nascimento.castro.23199@example.com,Dourados,Assistente administrativo,31,02622748889
Diego Castro Mendes,diego.castro.mendes.23200@example.com,Londrina,Supervisor de manutenção,47,71060788271
Nicolas Freitas Teixeira,nicolas.freitas.teixeira.23201@example.com,Campinas,Fisioterapeuta,50,09430045739
Henrique Rocha Rocha,henrique.rocha.rocha.23202@example.com,Joinville,Assistente comercial,51,86882167048
Felipe Teixeira Carvalho,felipe.teixeira.carvalho.23203@example.com,Sorocaba,Cozinheiro,43,14350989705
Rafael Fernandes Martins,rafael.fernandes.martins.23204@example.com,Rondonópolis,Coordenador administrativo,33,41191622175
Débora Freitas Gomes,debora.freitas.gomes.23205@example.com,Brasília,Supervisor de qualidade,35,67340800924
Felipe Pereira Monteiro,felipe.pereira.monteiro.23206@example.com,Caxias do Sul,Operador de caixa,37,48655345894
Nicolas Martins Rocha,nicolas.martins.rocha.23207@example.com,Cuiabá,Assistente comercial,36,41300305745
Otávio Barros Ribeiro,otavio.barros.ribeiro.23208@example.com,Curitiba,Técnico de segurança do trabalho,51,71858646424
Eduardo Alves Carvalho,eduardo.alves.carvalho.23209@example.com,São Paulo,Estoquista,41,83294639559
Diego Cardoso Oliveira,diego.cardoso.oliveira.23210@example.com,Dourados,Jornalista,36,27214713143
Otávio Almeida Almeida,otavio.almeida.almeida.23211@example.com,Caxias do Sul,Recepcionista,34,75027840818
Larissa Souza Pereira,larissa.souza.pereira.23212@example.com,Campinas,Arquiteto,46,31010501004
Felipe Rocha Pereira,felipe.rocha.pereira.23213@example.com,Recife,Estoquista,47,04313468333
Nicolas Oliveira Monteiro,nicolas.oliveira.monteiro.23214@example.com,Recife,Professor,24,38678709129
Vanessa Almeida Fernandes,vanessa.almeida.fernandes.23215@example.com,Rondonópolis,Comprador,56,60238295977
Carolina Araújo Cardoso,carolina.araujo.cardoso.23216@example.com,Uberlândia,Coordenador de marketing,56,54923281970
Patrícia Freitas Costa,patricia.freitas.costa.23217@example.com,Londrina,Professor,27,36013799493
Otávio Silva Teixeira,otavio.silva.teixeira.23218@example.com,Cuiabá,Padeiro,39,52582670609
Sandra Carvalho Santos,sandra.carvalho.santos.23219@example.com,Rondonópolis,Jornalista,34,68082351341
Débora Oliveira Gomes,debora.oliveira.gomes.23220@example.com,Campo Grande,Encarregado de produção,55,72078205795
Luana Rocha Moreira,luana.rocha.moreira.23221@example.com,Brasília,Encarregado de produção,53,05976345357
Priscila Barros Alves,priscila.barros.alves.23222@example.com,São Paulo,Gerente de recursos humanos,64,34638354090
Lucas Dias Dias,lucas.dias.dias.23223@example.com,Manaus,Diretor comercial,43,22250047926
Diego Barros Souza,diego.barros.souza.23224@example.com,Belém,Chefe de almoxarifado,18,69020649727
Sérgio Nascimento Souza,sergio.nascimento.souza.23225@example.com,Maringá,Designer gráfico,31,94987316942
Leonardo Ribeiro Alves,leonardo.ribeiro.alves.23226@example.com,Santos,Analista de recursos humanos,52,74425367700
Luana Ribeiro Cardoso,luana.ribeiro.cardoso.23227@example.com,Maringá,Eletricista,37,59220776174
Letícia Barbosa Nascimento,leticia.barbosa.nascimento.23228@example.com,Dourados,Farmacêutico,40,85890449025
Rafael Rodrigues Rodrigues,rafael.rodrigues.rodrigues.23229@example.com,Goiânia,Enfermeiro,58,21551397615
Diego Teixeira Souza,diego.teixeira.souza.23230@example.com,Joinville,Chefe de almoxarifado,60,70213063462
Otávio Souza Barros,otavio.souza.barros.23231@example.com,Natal,Designer gráfico,35,62561972234
Henrique Dias Barbosa,henrique.dias.barbosa.23232@example.com,Joinville,Pedreiro,55,48388428384
Ricardo Dias Fernandes,ricardo.dias.fernandes.23233@example.com,São Paulo,Pedreiro,22,24766277125
Henrique Pereira Costa,henrique.pereira.costa.23234@example.com,Caxias do Sul,Corretor de imóveis,60,94730079686
Simone Araújo Mendes,simone.araujo.mendes.23235@example.com,Goiânia,Auxiliar de produção,25,97669646331
Bruno Dias Souza,bruno.dias.souza.23236@example.com,Cuiabá,Diretor de operações,39,90728175894
Gustavo Freitas Castro,gustavo.freitas.castro.23237@example.com,Fortaleza,Corretor de imóveis,21,39861856792
Thiago Rodrigues Santos,thiago.rodrigues.santos.23238@example.com,Caxias do Sul,Fisioterapeuta,33,48333051279
Letícia Barbosa Castro,leticia.barbosa.castro.23239@example.com,Recife,Coordenador de logística,69,47619583481
Rafael Silva Barros,rafael.silva.barros.23240@example.com,Uberlândia,Jornalista,18,61789332378
Thiago Dias Oliveira,thiago.dias.oliveira.23241@example.com,Manaus,Supervisor de manutenção,21,98196653286
Leonardo Souza Carvalho,leonardo.souza.carvalho.23242@example.com,Manaus,Gerente de recursos humanos,40,23951180487
Letícia Araújo Cardoso,leticia.araujo.cardoso.23243@example.com,Salvador,Mecânico,69,33625956585
Pedro Lima Carvalho,pedro.lima.carvalho.23244@example.com,Belém,Recepcionista,34,36476475374
José Carvalho Teixeira,jose.carvalho.teixeira.23245@example.com,Caxias do Sul,Assistente comercial,45,25932478757
João Costa Monteiro,joao.costa.monteiro.23246@example.com,Campinas,Coordenador de marketing,69,44258308658
Eduardo Carvalho Lima,eduardo.carvalho.lima.23247@example.com,Campinas,Atendente,23,41490695533
Marcelo Carvalho Almeida,marcelo.carvalho.almeida.23248@example.com,Vitória,Recepcionista,57,67329825294
Aline Gomes Castro,aline.gomes.castro.23249@example.com,Salvador,Gerente financeiro,31,41534976702
Vinícius Silva Moreira,vinicius.silva.moreira.23250@example.com,Niterói,Supervisor de manutenção,51,39389869790
Beatriz Alves Barbosa,beatriz.alves.barbosa.23251@example.com,Niterói,Líder de equipe,34,90915064362
Fernanda Costa Castro,fernanda.costa.castro.23252@example.com,Salvador,Recepcionista,31,24873625511
Renata Silva Ribeiro,renata.silva.ribeiro.23253@example.com,Dourados,Analista de marketing,47,79249963268
João Ribeiro Carvalho,joao.ribeiro.carvalho.23254@example.com,Manaus,Recepcionista,54,99762380788
Lucas Lima Ribeiro,lucas.lima.ribeiro.23255@example.com,Manaus,Supervisor de vendas,70,71118009486
Daniela Freitas Costa,daniela.freitas.costa.23256@example.com,São Paulo,Comprador,32,78161911864
Débora Rodrigues Rodrigues,debora.rodrigues.rodrigues.23257@example.com,Brasília,Enfermeiro,55,29107414597
Simone Lima Barbosa,simone.lima.barbosa.23258@example.com,Joinville,Programador,41,50785926929
Tatiane Costa Barros,tatiane.costa.barros.23259@example.com,Londrina,Mecânico,60,10254464932
Gabriela Castro Freitas,gabriela.castro.freitas.23260@example.com,Caxias do Sul,Analista de marketing,61,72559825717
Nicolas Rocha Oliveira,nicolas.rocha.oliveira.23261@example.com,Santos,Jornalista,42,58606772647
Aline Oliveira Carvalho,aline.oliveira.carvalho.23262@example.com,Porto Alegre,Atendente,22,68022808643
Rafael Souza Oliveira,rafael.souza.oliveira.23263@example.com,Dourados,Supervisor de vendas,49,91206599242
Otávio Nascimento Souza,otavio.nascimento.souza.23264@example.com,Sorocaba,Diretor de operações,54,22779215680
José Martins Costa,jose.martins.costa.23265@example.com,Goiânia,Padeiro,54,96248957288
Fernanda Barros Santos,fernanda.barros.santos.23266@example.com,Recife,Assistente administrativo,49,59487401824
Aline Alves Barros,aline.alves.barros.23267@example.com,Goiânia,Supervisor de vendas,40,92707966243
Simone Santos Silva,simone.santos.silva.23268@example.com,Joinville,Supervisor de vendas,49,98760263612
Carolina Fernandes Barbosa,carolina.fernandes.barbosa.23269@example.com,Rondonópolis,Gerente de recursos humanos,42,36844495435
Leonardo Barros Castro,leonardo.barros.castro.23270@example.com,São Paulo,Gerente de recursos humanos,59,58657477516
Ana Freitas Santos,ana.freitas.santos.23271@example.com,Sorocaba,Estoquista,48,90931534960
Aline Cardoso Souza,aline.cardoso.souza.23272@example.com,Joinville,Supervisor de manutenção,44,43500168175
Fernanda Nascimento Teixeira,fernanda.nascimento.teixeira.23273@example.com,Campinas,Atendente,24,09789028572
Luana Mendes Dias,luana.mendes.dias.23274@example.com,Brasília,Gerente comercial,33,59709016385
Luana Barbosa Araújo,luana.barbosa.araujo.23275@example.com,Porto Alegre,Supervisor de atendimento,60,88936138326
Pedro Almeida Alves,pedro.almeida.alves.23276@example.com,Porto Alegre,Arquiteto,69,50687851804
Fernanda Silva Lima,fernanda.silva.lima.23277@example.com,Uberlândia,Pedreiro,47,04865282631
João Alves Pereira,joao.alves.pereira.23278@example.com,Brasília,Advogado,26,21925081279
Fernanda Barbosa Barros,fernanda.barbosa.barros.23279@example.com,Londrina,Farmacêutico,21,95728771833
Priscila Nascimento Carvalho,priscila.nascimento.carvalho.23280@example.com,Florianópolis,Corretor de imóveis,66,60766133327
Marcelo Dias Nascimento,marcelo.dias.nascimento.23281@example.com,Sorocaba,Técnico em informática,41,36081123594
Luana Costa Carvalho,luana.costa.carvalho.23282@example.com,Joinville,Farmacêutico,43,99528346485
Renata Pereira Oliveira,renata.pereira.oliveira.23283@example.com,Recife,Mecânico,26,83128704860
Sérgio Monteiro Freitas,sergio.monteiro.freitas.23284@example.com,Belém,Advogado,30,37332501147
Vinícius Araújo Barbosa,vinicius.araujo.barbosa.23285@example.com,Rio de Janeiro,Cozinheiro,67,79004339143
Luana Freitas Gomes,luana.freitas.gomes.23286@example.com,Goiânia,Coordenador de produção,54,81235678048
Priscila Dias Nascimento,priscila.dias.nascimento.23287@example.com,Florianópolis,Gerente de recursos humanos,22,81416231130
José Carvalho Castro,jose.carvalho.castro.23288@example.com,Brasília,Gerente de operações,67,40972051737
Marcelo Carvalho Teixeira,marcelo.carvalho.teixeira.23289@example.com,Dourados,Coordenador administrativo,31,09087869889
Vanessa Ribeiro Monteiro,vanessa.ribeiro.monteiro.23290@example.com,Porto Alegre,Técnico de segurança do trabalho,67,81983811735
Beatriz Oliveira Fernandes,beatriz.oliveira.fernandes.23291@example.com,Uberlândia,Diretor de operações,54,85459263743
Rafael Dias Martins,rafael.dias.martins.23292@example.com,Curitiba,Motorista,26,25378876959
Igor Rocha Moreira,igor.rocha.moreira.23293@example.com,Natal,Contador,70,54370996830
Vinícius Alves Rodrigues,vinicius.alves.rodrigues.23294@example.com,Dourados,Coordenador administrativo,53,28321265551
Tatiane Cardoso Oliveira,tatiane.cardoso.oliveira.23295@example.com,Porto Alegre,Coordenador de produção,49,29668603886
Sérgio Silva Rodrigues,sergio.silva.rodrigues.23296@example.com,Vitória,Técnico de enfermagem,24,03370861971
Priscila Alves Oliveira,priscila.alves.oliveira.23297@example.com,Joinville,Recepcionista,34,89545256996
Amanda Alves Nascimento,amanda.alves.nascimento.23298@example.com,Niterói,Encarregado de produção,39,75995949325
Patrícia Moreira Pereira,patricia.moreira.pereira.23299@example.com,Curitiba,Eletricista,26,76761013886
Pedro Nascimento Ribeiro,pedro.nascimento.ribeiro.23300@example.com,Salvador,Fisioterapeuta,19,24988095230
Henrique Oliveira Rocha,henrique.oliveira.rocha.23301@example.com,Londrina,Técnico de enfermagem,18,87838005678
Paulo Ribeiro Souza,paulo.ribeiro.souza.23302@example.com,Sorocaba,Técnico de segurança do trabalho,42,42316585053
Rafael Rodrigues Fernandes,rafael.rodrigues.fernandes.23303@example.com,Porto Alegre,Advogado,18,05717803491
Rafael Mendes Mendes,rafael.mendes.mendes.23304@example.com,Sorocaba,Recepcionista,37,28137497888
Simone Barbosa Oliveira,simone.barbosa.oliveira.23305@example.com,Londrina,Coordenador de marketing,54,55075868857
Amanda Oliveira Barros,amanda.oliveira.barros.23306@example.com,Rio de Janeiro,Eletricista,61,84652639483
Daniela Rocha Monteiro,daniela.rocha.monteiro.23307@example.com,Dourados,Chefe de departamento pessoal,26,33470488659
Patrícia Souza Almeida,patricia.souza.almeida.23308@example.com,Uberlândia,Assistente administrativo,58,84522030070
Sérgio Monteiro Carvalho,sergio.monteiro.carvalho.23309@example.com,Maringá,Supervisor de vendas,24,19338876946
Ana Lima Dias,ana.lima.dias.23310@example.com,Porto Alegre,Eletricista,52,41165089529
Simone Castro Barros,simone.castro.barros.23311@example.com,Rio de Janeiro,Analista de recursos humanos,22,74264731015
Igor Costa Monteiro,igor.costa.monteiro.23312@example.com,Maringá,Eletricista,33,08939793458
Paulo Moreira Cardoso,paulo.moreira.cardoso.23313@example.com,Rio de Janeiro,Coordenador de marketing,42,23297935708
José Monteiro Freitas,jose.monteiro.freitas.23314@example.com,Recife,Supervisor de vendas,45,10967124162
Vitória Gomes Carvalho,vitoria.gomes.carvalho.23315@example.com,Caxias do Sul,Técnico de segurança do trabalho,37,08929491524
Simone Souza Gomes,simone.souza.gomes.23316@example.com,Rondonópolis,Advogado,59,85440206686
Gustavo Martins Rodrigues,gustavo.martins.rodrigues.23317@example.com,Brasília,Corretor de imóveis,32,10322688738
Gabriela Pereira Oliveira,gabriela.pereira.oliveira.23318@example.com,Joinville,Chefe de compras,22,89875426060
Ana Costa Castro,ana.costa.castro.23319@example.com,Campo Grande,Corretor de imóveis,61,06330528775
Sérgio Costa Alves,sergio.costa.alves.23320@example.com,Uberlândia,Pedreiro,29,52205400311
Renata Teixeira Castro,renata.teixeira.castro.23321@example.com,Florianópolis,Engenheiro civil,26,16211726553
Pedro Santos Ribeiro,pedro.santos.ribeiro.23322@example.com,Dourados,Técnico de enfermagem,42,41400463544
Patrícia Rocha Moreira,patricia.rocha.moreira.23323@example.com,Caxias do Sul,Fisioterapeuta,29,77461966675
Tatiane Gomes Araújo,tatiane.gomes.araujo.23324@example.com,Goiânia,Gerente de operações,32,62750667155
Fernanda Castro Alves,fernanda.castro.alves.23325@example.com,Curitiba,Eletricista,26,60378563435
Lucas Carvalho Barbosa,lucas.carvalho.barbosa.23326@example.com,Niterói,Chefe de departamento pessoal,49,97750004801
Vinícius Moreira Rodrigues,vinicius.moreira.rodrigues.23327@example.com,Rio de Janeiro,Coordenador de produção,60,21178748351
Priscila Barbosa Moreira,priscila.barbosa.moreira.23328@example.com,Campo Grande,Vendedor,55,56612472700
Otávio Araújo Cardoso,otavio.araujo.cardoso.23329@example.com,Curitiba,Gerente financeiro,59,56820123077
Rafael Fernandes Ribeiro,rafael.fernandes.ribeiro.23330@example.com,Sorocaba,Chefe de compras,35,73767178689
Paulo Santos Moreira,paulo.santos.moreira.23331@example.com,Caxias do Sul,Professor,61,34743460446
Felipe Dias Silva,felipe.dias.silva.23332@example.com,Porto Alegre,Recepcionista,36,19105620065
Juliana Silva Freitas,juliana.silva.freitas.23333@example.com,Recife,Nutricionista,31,88913731511
Rafael Carvalho Mendes,rafael.carvalho.mendes.23334@example.com,Recife,Auxiliar de produção,19,62874502614
José Castro Dias,jose.castro.dias.23335@example.com,Belo Horizonte,Supervisor de atendimento,21,17710644027
Amanda Dias Freitas,amanda.dias.freitas.23336@example.com,Santos,Assistente comercial,65,08277022261
Tatiane Gomes Carvalho,tatiane.gomes.carvalho.23337@example.com,Rondonópolis,Contador,23,48150157780
Ana Gomes Fernandes,ana.gomes.fernandes.23338@example.com,Natal,Designer gráfico,34,35562375427
Carolina Souza Ribeiro,carolina.souza.ribeiro.23339@example.com,Salvador,Analista financeiro,52,82758612544
Beatriz Costa Alves,beatriz.costa.alves.23340@example.com,Niterói,Designer gráfico,69,78701137373
Paulo Freitas Martins,paulo.freitas.martins.23341@example.com,Uberlândia,Estoquista,58,28039681513
Marcelo Freitas Gomes,marcelo.freitas.gomes.23342@example.com,Natal,Professor,30,80282762335
Amanda Silva Rocha,amanda.silva.rocha.23343@example.com,Florianópolis,Gerente comercial,49,84525283977
Beatriz Rodrigues Barros,beatriz.rodrigues.barros.23344@example.com,Campo Grande,Chefe de almoxarifado,41,97621572500
Igor Monteiro Araújo,igor.monteiro.araujo.23345@example.com,Maringá,Auxiliar de produção,67,20303815556
Henrique Barbosa Nascimento,henrique.barbosa.nascimento.23346@example.com,Uberlândia,Corretor de imóveis,18,49665846044
João Souza Freitas,joao.souza.freitas.23347@example.com,Natal,Estoquista,68,35687944665
Renata Freitas Rocha,renata.freitas.rocha.23348@example.com,Goiânia,Farmacêutico,47,23593616368
Bruno Dias Teixeira,bruno.dias.teixeira.23349@example.com,Cuiabá,Arquiteto,30,19183728771
Débora Barbosa Freitas,debora.barbosa.freitas.23350@example.com,Rondonópolis,Atendente,34,24289068601
Débora Silva Nascimento,debora.silva.nascimento.23351@example.com,Cuiabá,Cozinheiro,32,58612757106
Juliana Moreira Pereira,juliana.moreira.pereira.23352@example.com,Sorocaba,Gerente de operações,61,44773757766
Felipe Silva Almeida,felipe.silva.almeida.23353@example.com,Sorocaba,Designer gráfico,21,53208909360
Vitória Mendes Teixeira,vitoria.mendes.teixeira.23354@example.com,Londrina,Designer gráfico,64,77094359698
Fernanda Almeida Mendes,fernanda.almeida.mendes.23355@example.com,Manaus,Operador de caixa,63,59280346057
José Alves Oliveira,jose.alves.oliveira.23356@example.com,Campo Grande,Encarregado de produção,53,23732737221
Tatiane Lima Souza,tatiane.lima.souza.23357@example.com,Campo Grande,Coordenador administrativo,27,29984464970
Henrique Barbosa Rocha,henrique.barbosa.rocha.23358@example.com,Fortaleza,Comprador,66,44921669564
Fernanda Almeida Souza,fernanda.almeida.souza.23359@example.com,Belém,Supervisor de qualidade,57,40342422487
Simone Santos Ribeiro,simone.santos.ribeiro.23360@example.com,Natal,Recepcionista,44,78527373160
Ana Rocha Barbosa,ana.rocha.barbosa.23361@example.com,Rondonópolis,Supervisor de manutenção,39,30570961409
Leonardo Cardoso Araújo,leonardo.cardoso.araujo.23362@example.com,Sorocaba,Jornalista,30,04711742797
Patrícia Barros Mendes,patricia.barros.mendes.23363@example.com,Maringá,Advogado,37,10133553596
Henrique Alves Lima,henrique.alves.lima.23364@example.com,Goiânia,Assistente comercial,60,90528962930
Henrique Almeida Gomes,henrique.almeida.gomes.23365@example.com,Santos,Analista financeiro,52,77010978653
Thiago Araújo Rodrigues,thiago.araujo.rodrigues.23366@example.com,Vitória,Líder de equipe,63,81291559373
Gabriel Costa Araújo,gabriel.costa.araujo.23367@example.com,Curitiba,Enfermeiro,28,82607402592
José Pereira Freitas,jose.pereira.freitas.23368@example.com,Recife,Eletricista,29,95605642392
Renata Mendes Teixeira,renata.mendes.teixeira.23369@example.com,Vitória,Eletricista,55,94409531157
João Pereira Castro,joao.pereira.castro.23370@example.com,Rio de Janeiro,Assistente administrativo,63,63645739386
Nicolas Gomes Rodrigues,nicolas.gomes.rodrigues.23371@example.com,Rondonópolis,Atendente,38,34164263835
Letícia Moreira Gomes,leticia.moreira.gomes.23372@example.com,Rondonópolis,Líder de equipe,47,18363901325
Patrícia Araújo Souza,patricia.araujo.souza.23373@example.com,Campo Grande,Programador,50,06670279992
Juliana Rocha Teixeira,juliana.rocha.teixeira.23374@example.com,Sorocaba,Técnico em informática,66,19006646582
Sérgio Teixeira Araújo,sergio.teixeira.araujo.23375@example.com,Santos,Supervisor de vendas,29,25135162044
Ricardo Pereira Almeida,ricardo.pereira.almeida.23376@example.com,Belo Horizonte,Gerente de tecnologia,53,12206938062
Sérgio Costa Nascimento,sergio.costa.nascimento.23377@example.com,Maringá,Técnico de enfermagem,25,84704776910
Juliana Barros Cardoso,juliana.barros.cardoso.23378@example.com,Belo Horizonte,Gerente de recursos humanos,30,82670881383
Aline Gomes Costa,aline.gomes.costa.23379@example.com,Goiânia,Mecânico,21,24568262864
Marcelo Gomes Martins,marcelo.gomes.martins.23380@example.com,Sorocaba,Chefe de departamento pessoal,60,55360676831
Gabriel Ribeiro Rodrigues,gabriel.ribeiro.rodrigues.23381@example.com,Dourados,Nutricionista,52,34522217422
Débora Martins Gomes,debora.martins.gomes.23382@example.com,Belém,Coordenador de produção,28,22732029316
Igor Cardoso Fernandes,igor.cardoso.fernandes.23383@example.com,Rio de Janeiro,Chefe de compras,21,82091247776
Beatriz Fernandes Gomes,beatriz.fernandes.gomes.23384@example.com,Rondonópolis,Arquiteto,54,51471593113
Sérgio Gomes Mendes,sergio.gomes.mendes.23385@example.com,São Paulo,Assistente administrativo,35,22130322187
Nicolas Carvalho Fernandes,nicolas.carvalho.fernandes.23386@example.com,Uberlândia,Engenheiro civil,50,19736920124
Gabriela Souza Mendes,gabriela.souza.mendes.23387@example.com,Salvador,Coordenador administrativo,56,93406562761
Marcelo Lima Ribeiro,marcelo.lima.ribeiro.23388@example.com,São Paulo,Operador de caixa,51,34089761233
Nicolas Rodrigues Almeida,nicolas.rodrigues.almeida.23389@example.com,Niterói,Diretor de operações,37,97287354994
Sérgio Ribeiro Costa,sergio.ribeiro.costa.23390@example.com,Niterói,Analista de recursos humanos,30,26452675761
Tatiane Freitas Cardoso,tatiane.freitas.cardoso.23391@example.com,Maringá,Supervisor de vendas,67,96816950746
Felipe Costa Gomes,felipe.costa.gomes.23392@example.com,São Paulo,Coordenador de produção,39,73125154049
Lucas Moreira Lima,lucas.moreira.lima.23393@example.com,Salvador,Técnico em informática,25,76730103143
Pedro Martins Carvalho,pedro.martins.carvalho.23394@example.com,Fortaleza,Advogado,38,12644406066
Mariana Barros Carvalho,mariana.barros.carvalho.23395@example.com,Porto Alegre,Analista financeiro,50,54315305226
Diego Rocha Pereira,diego.rocha.pereira.23396@example.com,Dourados,Chefe de almoxarifado,29,39668055244
Gabriela Barros Souza,gabriela.barros.souza.23397@example.com,Fortaleza,Coordenador de logística,51,41934974202
Fernanda Fernandes Martins,fernanda.fernandes.martins.23398@example.com,Curitiba,Operador de caixa,18,66333654713
Vinícius Nascimento Costa,vinicius.nascimento.costa.23399@example.com,São Paulo,Arquiteto,44,61032509870
Pedro Teixeira Santos,pedro.teixeira.santos.23400@example.com,Belo Horizonte,Padeiro,37,79494864549
Carlos Lima Carvalho,carlos.lima.carvalho.23401@example.com,Salvador,Chefe de departamento pessoal,51,67678955924
Rafael Lima Martins,rafael.lima.martins.23402@example.com,Fortaleza,Coordenador de marketing,18,33880936614
Marcelo Carvalho Rodrigues,marcelo.carvalho.rodrigues.23403@example.com,Londrina,Cozinheiro,28,60227180464
Daniela Lima Almeida,daniela.lima.almeida.23404@example.com,Cuiabá,Contador,39,96515617037
Débora Fernandes Barros,debora.fernandes.barros.23405@example.com,Recife,Eletricista,47,70936262668
Bruno Teixeira Silva,bruno.teixeira.silva.23406@example.com,Curitiba,Auxiliar de produção,49,78875964599
Nicolas Rocha Oliveira,nicolas.rocha.oliveira.23407@example.com,Campo Grande,Padeiro,36,96201623025
Gabriela Nascimento Rodrigues,gabriela.nascimento.rodrigues.23408@example.com,Uberlândia,Analista financeiro,24,97778535603
Sérgio Fernandes Castro,sergio.fernandes.castro.23409@example.com,Rio de Janeiro,Analista de dados,27,38215321192
Ana Freitas Souza,ana.freitas.souza.23410@example.com,Uberlândia,Pedreiro,56,38214169263
João Moreira Pereira,joao.moreira.pereira.23411@example.com,Rondonópolis,Designer gráfico,21,70727714399
Daniela Nascimento Rodrigues,daniela.nascimento.rodrigues.23412@example.com,Campinas,Atendente,54,38065962014
Ricardo Ribeiro Santos,ricardo.ribeiro.santos.23413@example.com,Porto Alegre,Técnico de segurança do trabalho,18,89896995358
Carolina Cardoso Barbosa,carolina.cardoso.barbosa.23414@example.com,Rondonópolis,Eletricista,68,20658579633
Ana Martins Silva,ana.martins.silva.23415@example.com,Belo Horizonte,Enfermeiro,68,92904505920
Amanda Martins Araújo,amanda.martins.araujo.23416@example.com,São Paulo,Chefe de departamento pessoal,19,41966924761
Sandra Almeida Cardoso,sandra.almeida.cardoso.23417@example.com,Caxias do Sul,Corretor de imóveis,25,28090473833
Gabriela Moreira Carvalho,gabriela.moreira.carvalho.23418@example.com,Campinas,Gerente comercial,54,97299010482
Marcelo Rodrigues Monteiro,marcelo.rodrigues.monteiro.23419@example.com,Florianópolis,Supervisor de atendimento,42,94796772114
Larissa Rodrigues Barros,larissa.rodrigues.barros.23420@example.com,Porto Alegre,Chefe de compras,52,23964026067
Ana Rocha Mendes,ana.rocha.mendes.23421@example.com,Santos,Encarregado de produção,27,68273181312
Renata Martins Freitas,renata.martins.freitas.23422@example.com,Uberlândia,Técnico de segurança do trabalho,69,48198533642
Simone Araújo Rodrigues,simone.araujo.rodrigues.23423@example.com,Fortaleza,Estoquista,31,00211713280
Aline Lima Santos,aline.lima.santos.23424@example.com,Cuiabá,Coordenador de produção,24,33132046149
Camila Freitas Alves,camila.freitas.alves.23425@example.com,Fortaleza,Gerente de tecnologia,48,18010629748
Vinícius Lima Fernandes,vinicius.lima.fernandes.23426@example.com,Belém,Eletricista,24,34959036747
Priscila Araújo Silva,priscila.araujo.silva.23427@example.com,Caxias do Sul,Estoquista,41,09499416517
Ricardo Souza Freitas,ricardo.souza.freitas.23428@example.com,Caxias do Sul,Cozinheiro,62,14008913955
Tatiane Monteiro Teixeira,tatiane.monteiro.teixeira.23429@example.com,Campinas,Gerente de tecnologia,65,99860354976
Paulo Pereira Gomes,paulo.pereira.gomes.23430@example.com,Curitiba,Estoquista,57,60603818061
Igor Ribeiro Mendes,igor.ribeiro.mendes.23431@example.com,Manaus,Analista financeiro,43,31747077897
Diego Almeida Barros,diego.almeida.barros.23432@example.com,Dourados,Chefe de compras,24,50837207576
Priscila Mendes Souza,priscila.mendes.souza.23433@example.com,Londrina,Supervisor de manutenção,33,28278439411
Leonardo Nascimento Castro,leonardo.nascimento.castro.23434@example.com,Campo Grande,Designer gráfico,62,04363041397
Aline Santos Nascimento,aline.santos.nascimento.23435@example.com,Rio de Janeiro,Analista de dados,40,15514549443
Marcelo Souza Lima,marcelo.souza.lima.23436@example.com,Niterói,Analista de recursos humanos,48,63413595101
Lucas Rodrigues Cardoso,lucas.rodrigues.cardoso.23437@example.com,Rio de Janeiro,Assistente administrativo,33,49455607859
Carolina Castro Dias,carolina.castro.dias.23438@example.com,Recife,Auxiliar de produção,39,29987310294
Eduardo Martins Lima,eduardo.martins.lima.23439@example.com,Rio de Janeiro,Contador,48,68345156037
Felipe Pereira Souza,felipe.pereira.souza.23440@example.com,Belo Horizonte,Motorista,48,59419346360
Letícia Gomes Almeida,leticia.gomes.almeida.23441@example.com,Dourados,Diretor de operações,30,68421985879
Priscila Almeida Oliveira,priscila.almeida.oliveira.23442@example.com,Campinas,Eletricista,69,14144465924
Igor Teixeira Pereira,igor.teixeira.pereira.23443@example.com,São Paulo,Padeiro,40,83716683059
Thiago Lima Dias,thiago.lima.dias.23444@example.com,Manaus,Gerente financeiro,69,42586429438
Eduardo Gomes Castro,eduardo.gomes.castro.23445@example.com,Caxias do Sul,Gerente de tecnologia,60,45962690734
Vitória Cardoso Silva,vitoria.cardoso.silva.23446@example.com,Dourados,Coordenador de marketing,49,42246285725
Daniela Pereira Almeida,daniela.pereira.almeida.23447@example.com,Cuiabá,Recepcionista,42,29115114651
Carlos Freitas Oliveira,carlos.freitas.oliveira.23448@example.com,Dourados,Recepcionista,70,51175868698
Daniela Ribeiro Castro,daniela.ribeiro.castro.23449@example.com,Curitiba,Analista de recursos humanos,70,76427984472
Débora Araújo Moreira,debora.araujo.moreira.23450@example.com,Florianópolis,Pedreiro,50,32746721776
Daniela Gomes Alves,daniela.gomes.alves.23451@example.com,Campo Grande,Gerente comercial,36,39246923101
Ricardo Araújo Costa,ricardo.araujo.costa.23452@example.com,Goiânia,Contador,30,99140770226
Nicolas Carvalho Dias,nicolas.carvalho.dias.23453@example.com,Santos,Pedreiro,54,46393320180
Aline Castro Pereira,aline.castro.pereira.23454@example.com,Brasília,Supervisor de vendas,51,80532638831
Luana Souza Silva,luana.souza.silva.23455@example.com,Belo Horizonte,Estoquista,47,42344639251
Fernanda Fernandes Silva,fernanda.fernandes.silva.23456@example.com,Campo Grande,Gerente de recursos humanos,21,36020479088
Lucas Fernandes Fernandes,lucas.fernandes.fernandes.23457@example.com,Maringá,Coordenador administrativo,36,29538335294
Ricardo Cardoso Gomes,ricardo.cardoso.gomes.23458@example.com,Recife,Operador de caixa,46,98202177437
Daniela Castro Araújo,daniela.castro.araujo.23459@example.com,Cuiabá,Recepcionista,64,40238280291
Eduardo Fernandes Silva,eduardo.fernandes.silva.23460@example.com,Rondonópolis,Técnico de segurança do trabalho,34,78950958516
Renata Dias Barbosa,renata.dias.barbosa.23461@example.com,Joinville,Supervisor de qualidade,27,61750412669
Felipe Nascimento Souza,felipe.nascimento.souza.23462@example.com,Santos,Jornalista,34,58984566225
Patrícia Araújo Silva,patricia.araujo.silva.23463@example.com,Natal,Mecânico,49,36051613424
Mariana Cardoso Freitas,mariana.cardoso.freitas.23464@example.com,Rondonópolis,Mecânico,33,42909985678
Lucas Carvalho Mendes,lucas.carvalho.mendes.23465@example.com,Brasília,Corretor de imóveis,54,51130034505
Nicolas Silva Rocha,nicolas.silva.rocha.23466@example.com,Campinas,Analista de marketing,47,13834875565
Beatriz Rocha Monteiro,beatriz.rocha.monteiro.23467@example.com,Niterói,Supervisor de manutenção,32,50911782427
Sandra Dias Castro,sandra.dias.castro.23468@example.com,Niterói,Técnico de segurança do trabalho,34,98102683234
Aline Cardoso Barros,aline.cardoso.barros.23469@example.com,Santos,Coordenador de logística,25,56937745415
Aline Carvalho Nascimento,aline.carvalho.nascimento.23470@example.com,Belém,Analista de recursos humanos,25,52752936900
Vitória Fernandes Carvalho,vitoria.fernandes.carvalho.23471@example.com,Vitória,Motorista,32,05798469624
Carlos Mendes Alves,carlos.mendes.alves.23472@example.com,Florianópolis,Gerente financeiro,33,63109722132
Lucas Cardoso Gomes,lucas.cardoso.gomes.23473@example.com,Joinville,Encarregado de produção,26,53866297524
Daniela Teixeira Cardoso,daniela.teixeira.cardoso.23474@example.com,Londrina,Supervisor de qualidade,40,15574409360
Gabriela Santos Castro,gabriela.santos.castro.23475@example.com,Londrina,Auxiliar de produção,54,33962813650
Felipe Mendes Fernandes,felipe.mendes.fernandes.23476@example.com,São Paulo,Supervisor de vendas,70,07183346722
Letícia Monteiro Fernandes,leticia.monteiro.fernandes.23477@example.com,Curitiba,Chefe de almoxarifado,22,78567678909
Igor Carvalho Rocha,igor.carvalho.rocha.23478@example.com,Salvador,Diretor de operações,30,32489197630
Juliana Barbosa Nascimento,juliana.barbosa.nascimento.23479@example.com,Brasília,Fisioterapeuta,37,80358489128
Leonardo Souza Fernandes,leonardo.souza.fernandes.23480@example.com,Rio de Janeiro,Coordenador de produção,45,15117502954
Diego Fernandes Silva,diego.fernandes.silva.23481@example.com,Londrina,Designer gráfico,40,79404229897
Paulo Rocha Barros,paulo.rocha.barros.23482@example.com,Goiânia,Contador,26,07183174132
Gabriela Silva Gomes,gabriela.silva.gomes.23483@example.com,Campo Grande,Coordenador de marketing,37,86769163751
Lucas Barros Fernandes,lucas.barros.fernandes.23484@example.com,Brasília,Mecânico,31,38609197736
Henrique Carvalho Carvalho,henrique.carvalho.carvalho.23485@example.com,Florianópolis,Chefe de departamento pessoal,43,24806725987
Gustavo Gomes Cardoso,gustavo.gomes.cardoso.23486@example.com,São Paulo,Corretor de imóveis,66,61478717714
Amanda Silva Silva,amanda.silva.silva.23487@example.com,Recife,Auxiliar de produção,23,23614733563
Igor Almeida Barros,igor.almeida.barros.23488@example.com,Dourados,Coordenador administrativo,37,16800907178
Tatiane Mendes Nascimento,tatiane.mendes.nascimento.23489@example.com,Rondonópolis,Gerente de operações,39,92923905700
Patrícia Carvalho Martins,patricia.carvalho.martins.23490@example.com,Cuiabá,Supervisor de qualidade,63,01833237025
Diego Martins Ribeiro,diego.martins.ribeiro.23491@example.com,Campinas,Cozinheiro,48,95676293841
Gabriel Barros Cardoso,gabriel.barros.cardoso.23492@example.com,Campinas,Gerente de tecnologia,41,35130573295
Camila Barbosa Araújo,camila.barbosa.araujo.23493@example.com,Rondonópolis,Técnico em informática,29,15450810404
Carlos Oliveira Rocha,carlos.oliveira.rocha.23494@example.com,Sorocaba,Analista de recursos humanos,55,01071446196
Ana Carvalho Alves,ana.carvalho.alves.23495@example.com,Fortaleza,Nutricionista,48,98264091058
Thiago Ribeiro Costa,thiago.ribeiro.costa.23496@example.com,Rondonópolis,Nutricionista,46,73515450418
Thiago Freitas Gomes,thiago.freitas.gomes.23497@example.com,Recife,Gerente comercial,62,51035753037
Sérgio Nascimento Rocha,sergio.nascimento.rocha.23498@example.com,Curitiba,Supervisor de vendas,39,08149173250
Juliana Costa Pereira,juliana.costa.pereira.23499@example.com,Dourados,Analista de dados,32,05726150904
Tatiane Dias Mendes,tatiane.dias.mendes.23500@example.com,Uberlândia,Líder de equipe,19,22070279759
Priscila Nascimento Araújo,priscila.nascimento.araujo.23501@example.com,Rio de Janeiro,Vendedor,62,34141337306
Patrícia Ribeiro Moreira,patricia.ribeiro.moreira.23502@example.com,Campinas,Engenheiro civil,59,12403039761
Vinícius Fernandes Martins,vinicius.fernandes.martins.23503@example.com,Caxias do Sul,Chefe de almoxarifado,27,05215278540
Juliana Barbosa Alves,juliana.barbosa.alves.23504@example.com,Dourados,Técnico de enfermagem,49,81401684968
Renata Barbosa Gomes,renata.barbosa.gomes.23505@example.com,Curitiba,Analista de dados,42,90025207301
Sérgio Santos Dias,sergio.santos.dias.23506@example.com,Santos,Advogado,22,04004691667
Diego Barbosa Souza,diego.barbosa.souza.23507@example.com,Curitiba,Operador de caixa,59,19676097248
Amanda Santos Costa,amanda.santos.costa.23508@example.com,Recife,Designer gráfico,54,82100933413
Priscila Silva Dias,priscila.silva.dias.23509@example.com,Goiânia,Operador de caixa,57,67281096721
Daniela Costa Carvalho,daniela.costa.carvalho.23510@example.com,Campinas,Estoquista,35,54149424239
Simone Silva Cardoso,simone.silva.cardoso.23511@example.com,Salvador,Diretor de operações,48,46166789953
Priscila Fernandes Dias,priscila.fernandes.dias.23512@example.com,Belém,Comprador,42,75094431008
João Rocha Lima,joao.rocha.lima.23513@example.com,São Paulo,Analista de dados,57,65610095447
Paulo Pereira Barbosa,paulo.pereira.barbosa.23514@example.com,Rondonópolis,Técnico de segurança do trabalho,54,83003511542
Carolina Moreira Monteiro,carolina.moreira.monteiro.23515@example.com,Goiânia,Fisioterapeuta,25,06700956820
Marcelo Nascimento Santos,marcelo.nascimento.santos.23516@example.com,Maringá,Programador,50,12155239554
Bruno Teixeira Barros,bruno.teixeira.barros.23517@example.com,Curitiba,Programador,34,80083633139
Luana Gomes Teixeira,luana.gomes.teixeira.23518@example.com,Fortaleza,Coordenador de marketing,21,28409103768
Felipe Dias Teixeira,felipe.dias.teixeira.23519@example.com,Belo Horizonte,Chefe de almoxarifado,21,43182116939
Rafael Mendes Ribeiro,rafael.mendes.ribeiro.23520@example.com,Goiânia,Corretor de imóveis,62,70176871917
Pedro Gomes Barbosa,pedro.gomes.barbosa.23521@example.com,Campinas,Técnico de enfermagem,18,34599473206
Henrique Almeida Freitas,henrique.almeida.freitas.23522@example.com,Dourados,Pedreiro,34,37288078694
Rafael Santos Nascimento,rafael.santos.nascimento.23523@example.com,Belém,Pedreiro,27,56513075733
Juliana Pereira Mendes,juliana.pereira.mendes.23524@example.com,Sorocaba,Vendedor,40,11858533787
Beatriz Carvalho Rocha,beatriz.carvalho.rocha.23525@example.com,Goiânia,Padeiro,24,57771325598
Juliana Oliveira Carvalho,juliana.oliveira.carvalho.23526@example.com,Niterói,Gerente de tecnologia,24,45217474309
Vanessa Dias Souza,vanessa.dias.souza.23527@example.com,São Paulo,Jornalista,46,27962140391
Carolina Santos Barros,carolina.santos.barros.23528@example.com,Niterói,Operador de caixa,69,28049797502
Patrícia Cardoso Monteiro,patricia.cardoso.monteiro.23529@example.com,Florianópolis,Assistente administrativo,50,00666967617
Juliana Araújo Carvalho,juliana.araujo.carvalho.23530@example.com,Salvador,Gerente comercial,43,21347258390
Tatiane Rodrigues Barros,tatiane.rodrigues.barros.23531@example.com,Fortaleza,Gerente de operações,34,32719583921
Vanessa Oliveira Dias,vanessa.oliveira.dias.23532@example.com,Rio de Janeiro,Analista de recursos humanos,53,52939133008
Débora Oliveira Souza,debora.oliveira.souza.23533@example.com,Fortaleza,Assistente administrativo,21,34701454201
Gustavo Barbosa Lima,gustavo.barbosa.lima.23534@example.com,Manaus,Coordenador de logística,30,74812426378
Juliana Carvalho Lima,juliana.carvalho.lima.23535@example.com,Porto Alegre,Contador,49,69990809695
Mariana Ribeiro Freitas,mariana.ribeiro.freitas.23536@example.com,Uberlândia,Chefe de compras,67,29322500951
Débora Almeida Monteiro,debora.almeida.monteiro.23537@example.com,Curitiba,Gerente de operações,53,77830695404
Paulo Silva Moreira,paulo.silva.moreira.23538@example.com,Campo Grande,Engenheiro civil,51,02290889640
Diego Freitas Barros,diego.freitas.barros.23539@example.com,Belo Horizonte,Assistente comercial,28,17359408463
Daniela Barros Araújo,daniela.barros.araujo.23540@example.com,Belo Horizonte,Designer gráfico,69,05206216974
Fernanda Martins Mendes,fernanda.martins.mendes.23541@example.com,Recife,Padeiro,55,27965581343
Otávio Freitas Mendes,otavio.freitas.mendes.23542@example.com,Porto Alegre,Coordenador administrativo,64,49410656404
Amanda Dias Teixeira,amanda.dias.teixeira.23543@example.com,Caxias do Sul,Comprador,56,27499879335
Bruno Dias Gomes,bruno.dias.gomes.23544@example.com,Uberlândia,Gerente de operações,19,02361244984
Débora Mendes Barbosa,debora.mendes.barbosa.23545@example.com,Manaus,Chefe de almoxarifado,51,82934044112
Nicolas Oliveira Alves,nicolas.oliveira.alves.23546@example.com,Uberlândia,Auxiliar de produção,45,07388100284
Otávio Castro Rocha,otavio.castro.rocha.23547@example.com,Brasília,Coordenador de marketing,55,96265122534
Diego Ribeiro Alves,diego.ribeiro.alves.23548@example.com,Belo Horizonte,Supervisor de manutenção,46,99939733498
Daniela Gomes Rodrigues,daniela.gomes.rodrigues.23549@example.com,Florianópolis,Arquiteto,57,93582623558
Aline Costa Pereira,aline.costa.pereira.23550@example.com,Santos,Pedreiro,64,21975863403
Lucas Teixeira Lima,lucas.teixeira.lima.23551@example.com,Belo Horizonte,Mecânico,37,48008255972
Leonardo Barbosa Carvalho,leonardo.barbosa.carvalho.23552@example.com,Santos,Chefe de compras,19,01185771942
Daniela Ribeiro Santos,daniela.ribeiro.santos.23553@example.com,Curitiba,Técnico em informática,40,83393631326
Otávio Costa Carvalho,otavio.costa.carvalho.23554@example.com,Rio de Janeiro,Pedreiro,62,23379711211
Simone Freitas Castro,simone.freitas.castro.23555@example.com,Manaus,Mecânico,25,42086630932
Lucas Lima Monteiro,lucas.lima.monteiro.23556@example.com,Salvador,Assistente comercial,22,59712304053
Letícia Fernandes Pereira,leticia.fernandes.pereira.23557@example.com,Niterói,Analista de recursos humanos,29,69114981934
Gustavo Cardoso Oliveira,gustavo.cardoso.oliveira.23558@example.com,Recife,Nutricionista,53,24521348908
Eduardo Rocha Barbosa,eduardo.rocha.barbosa.23559@example.com,Brasília,Analista de marketing,33,01822022795
Sandra Santos Lima,sandra.santos.lima.23560@example.com,Brasília,Assistente comercial,58,35888490025
Patrícia Freitas Silva,patricia.freitas.silva.23561@example.com,Sorocaba,Advogado,49,08720272001
Priscila Carvalho Souza,priscila.carvalho.souza.23562@example.com,Porto Alegre,Pedreiro,67,79653794732
Beatriz Silva Lima,beatriz.silva.lima.23563@example.com,São Paulo,Chefe de almoxarifado,21,38475595443
Aline Moreira Almeida,aline.moreira.almeida.23564@example.com,Uberlândia,Fisioterapeuta,21,60920907046
Rafael Rocha Santos,rafael.rocha.santos.23565@example.com,Londrina,Operador de caixa,24,50685423856
Henrique Monteiro Lima,henrique.monteiro.lima.23566@example.com,Florianópolis,Pedreiro,44,08748185893
Rafael Carvalho Cardoso,rafael.carvalho.cardoso.23567@example.com,Porto Alegre,Analista de dados,21,03636009421
Eduardo Freitas Rocha,eduardo.freitas.rocha.23568@example.com,Porto Alegre,Técnico de enfermagem,26,79928557270
Carlos Monteiro Monteiro,carlos.monteiro.monteiro.23569@example.com,Joinville,Coordenador de logística,43,84474817850
Carlos Alves Araújo,carlos.alves.araujo.23570@example.com,Vitória,Vendedor,68,63004101703
Henrique Castro Pereira,henrique.castro.pereira.23571@example.com,Salvador,Nutricionista,70,49190197485
Tatiane Rocha Rodrigues,tatiane.rocha.rodrigues.23572@example.com,Brasília,Jornalista,67,91273986684
José Ribeiro Martins,jose.ribeiro.martins.23573@example.com,Uberlândia,Nutricionista,54,65306194898
Vinícius Nascimento Nascimento,vinicius.nascimento.nascimento.23574@example.com,Dourados,Arquiteto,64,39995679924
Ana Silva Mendes,ana.silva.mendes.23575@example.com,Uberlândia,Supervisor de qualidade,30,71770232211
Débora Barbosa Silva,debora.barbosa.silva.23576@example.com,Porto Alegre,Gerente de tecnologia,19,67693106639
Pedro Monteiro Pereira,pedro.monteiro.pereira.23577@example.com,São Paulo,Engenheiro civil,20,00826623249
Carolina Freitas Teixeira,carolina.freitas.teixeira.23578@example.com,Campo Grande,Analista de dados,67,58354177543
Diego Teixeira Nascimento,diego.teixeira.nascimento.23579@example.com,Brasília,Fisioterapeuta,31,89192093649
Ana Barros Ribeiro,ana.barros.ribeiro.23580@example.com,Recife,Gerente financeiro,52,03965944196
Diego Martins Barbosa,diego.martins.barbosa.23581@example.com,Brasília,Gerente comercial,60,62318307256
Simone Carvalho Cardoso,simone.carvalho.cardoso.23582@example.com,Curitiba,Supervisor de manutenção,42,57992342117
Vitória Teixeira Barbosa,vitoria.teixeira.barbosa.23583@example.com,Campo Grande,Encarregado de produção,47,33972827130
Vinícius Cardoso Silva,vinicius.cardoso.silva.23584@example.com,Porto Alegre,Assistente comercial,28,73123354661
Simone Alves Barros,simone.alves.barros.23585@example.com,Florianópolis,Líder de equipe,58,49724406936
Vinícius Martins Castro,vinicius.martins.castro.23586@example.com,Maringá,Coordenador administrativo,64,40415032723
Gustavo Araújo Freitas,gustavo.araujo.freitas.23587@example.com,Sorocaba,Gerente de tecnologia,28,16969535902
Priscila Teixeira Santos,priscila.teixeira.santos.23588@example.com,Niterói,Cozinheiro,18,09414865278
Simone Moreira Castro,simone.moreira.castro.23589@example.com,Sorocaba,Supervisor de manutenção,58,90029845926
Sandra Ribeiro Alves,sandra.ribeiro.alves.23590@example.com,Londrina,Técnico de segurança do trabalho,47,91176249629
Carlos Araújo Monteiro,carlos.araujo.monteiro.23591@example.com,São Paulo,Analista de dados,47,06340374266
Lucas Mendes Castro,lucas.mendes.castro.23592@example.com,Santos,Comprador,38,09457272531
Ana Barbosa Martins,ana.barbosa.martins.23593@example.com,Vitória,Coordenador de produção,51,13487368902
Bruno Mendes Oliveira,bruno.mendes.oliveira.23594@example.com,Campo Grande,Coordenador de logística,46,57820925862
Luana Costa Martins,luana.costa.martins.23595@example.com,Sorocaba,Designer gráfico,50,82394321656
Nicolas Barros Carvalho,nicolas.barros.carvalho.23596@example.com,Brasília,Cozinheiro,49,29804731357
Sérgio Fernandes Ribeiro,sergio.fernandes.ribeiro.23597@example.com,Florianópolis,Estoquista,50,11719159295
Amanda Oliveira Monteiro,amanda.oliveira.monteiro.23598@example.com,Manaus,Enfermeiro,60,55561800378
Thiago Ribeiro Monteiro,thiago.ribeiro.monteiro.23599@example.com,Londrina,Assistente comercial,64,38080474927
Sandra Rodrigues Martins,sandra.rodrigues.martins.23600@example.com,Manaus,Fisioterapeuta,66,12753287735
Diego Lima Cardoso,diego.lima.cardoso.23601@example.com,Santos,Chefe de compras,41,81266901241
Igor Rocha Gomes,igor.rocha.gomes.23602@example.com,Niterói,Programador,23,76698059024
Luana Dias Gomes,luana.dias.gomes.23603@example.com,Rio de Janeiro,Gerente de operações,22,20218601044
Tatiane Rocha Costa,tatiane.rocha.costa.23604@example.com,Curitiba,Chefe de compras,64,21059819731
Marcelo Souza Silva,marcelo.souza.silva.23605@example.com,Belém,Assistente comercial,63,45867533880
Rafael Alves Castro,rafael.alves.castro.23606@example.com,Campinas,Atendente,32,26904564480
Nicolas Rodrigues Souza,nicolas.rodrigues.souza.23607@example.com,Santos,Mecânico,49,54220566861
Letícia Ribeiro Oliveira,leticia.ribeiro.oliveira.23608@example.com,Maringá,Comprador,46,04801493520
Vitória Moreira Silva,vitoria.moreira.silva.23609@example.com,Manaus,Analista de recursos humanos,32,95003735075
Paulo Cardoso Monteiro,paulo.cardoso.monteiro.23610@example.com,Maringá,Assistente administrativo,52,95563728890
João Silva Santos,joao.silva.santos.23611@example.com,Niterói,Motorista,65,17623929615
Otávio Mendes Araújo,otavio.mendes.araujo.23612@example.com,Sorocaba,Cozinheiro,53,37360741637
Felipe Carvalho Barros,felipe.carvalho.barros.23613@example.com,Rondonópolis,Assistente comercial,60,28870336076
Letícia Castro Dias,leticia.castro.dias.23614@example.com,Niterói,Encarregado de produção,66,78042832924
João Silva Moreira,joao.silva.moreira.23615@example.com,Porto Alegre,Padeiro,41,11079689641
Amanda Alves Pereira,amanda.alves.pereira.23616@example.com,Santos,Coordenador administrativo,53,69209133873
Aline Barbosa Oliveira,aline.barbosa.oliveira.23617@example.com,Manaus,Assistente comercial,30,51538393108
Amanda Barbosa Lima,amanda.barbosa.lima.23618@example.com,São Paulo,Supervisor de vendas,66,60089523913
Vitória Barbosa Martins,vitoria.barbosa.martins.23619@example.com,São Paulo,Supervisor de manutenção,48,91120178352
Otávio Freitas Dias,otavio.freitas.dias.23620@example.com,Belo Horizonte,Operador de caixa,37,52366305491
Gabriel Rocha Dias,gabriel.rocha.dias.23621@example.com,Rio de Janeiro,Coordenador administrativo,36,65527134275
Vitória Freitas Mendes,vitoria.freitas.mendes.23622@example.com,Campinas,Analista financeiro,21,46996207134
João Nascimento Dias,joao.nascimento.dias.23623@example.com,Salvador,Coordenador de logística,40,47884432472
Luana Moreira Santos,luana.moreira.santos.23624@example.com,Dourados,Técnico de enfermagem,52,92804594858
Larissa Rocha Lima,larissa.rocha.lima.23625@example.com,Caxias do Sul,Supervisor de atendimento,28,49731497575
Letícia Ribeiro Santos,leticia.ribeiro.santos.23626@example.com,Recife,Professor,18,21617813894
Bruno Dias Rocha,bruno.dias.rocha.23627@example.com,Santos,Engenheiro civil,24,37250953190
Larissa Araújo Mendes,larissa.araujo.mendes.23628@example.com,Joinville,Coordenador de logística,35,99427662017
Aline Barros Silva,aline.barros.silva.23629@example.com,Campo Grande,Operador de caixa,59,20211473093
Luana Almeida Araújo,luana.almeida.araujo.23630@example.com,Sorocaba,Diretor de operações,49,91776340175
Patrícia Freitas Souza,patricia.freitas.souza.23631@example.com,Niterói,Comprador,26,12802951591
Ricardo Rocha Fernandes,ricardo.rocha.fernandes.23632@example.com,Campinas,Analista de marketing,39,94248983257
Carlos Rocha Moreira,carlos.rocha.moreira.23633@example.com,Manaus,Padeiro,67,26685747602
Eduardo Moreira Santos,eduardo.moreira.santos.23634@example.com,Uberlândia,Farmacêutico,64,89638391444
Sandra Barros Barros,sandra.barros.barros.23635@example.com,Campo Grande,Motorista,26,48187953985
Rafael Pereira Fernandes,rafael.pereira.fernandes.23636@example.com,Belém,Estoquista,56,75464985146
Otávio Almeida Gomes,otavio.almeida.gomes.23637@example.com,Cuiabá,Comprador,26,86990486176
Larissa Moreira Teixeira,larissa.moreira.teixeira.23638@example.com,Campinas,Advogado,33,50952042859
Débora Pereira Monteiro,debora.pereira.monteiro.23639@example.com,Campinas,Diretor comercial,64,01091454800
Leonardo Alves Oliveira,leonardo.alves.oliveira.23640@example.com,Rondonópolis,Analista de marketing,66,46706679049
Patrícia Moreira Carvalho,patricia.moreira.carvalho.23641@example.com,Sorocaba,Supervisor de vendas,38,57076352991
Letícia Santos Fernandes,leticia.santos.fernandes.23642@example.com,Caxias do Sul,Jornalista,35,55260327714
Nicolas Martins Castro,nicolas.martins.castro.23643@example.com,Manaus,Coordenador de produção,69,32062636426
Fernanda Rodrigues Moreira,fernanda.rodrigues.moreira.23644@example.com,Sorocaba,Diretor de operações,66,25622252293
Nicolas Oliveira Moreira,nicolas.oliveira.moreira.23645@example.com,Manaus,Estoquista,18,41667096785
Simone Souza Almeida,simone.souza.almeida.23646@example.com,Campinas,Analista de recursos humanos,22,08763849841
Pedro Castro Oliveira,pedro.castro.oliveira.23647@example.com,Manaus,Supervisor de vendas,33,79236053216
Tatiane Monteiro Cardoso,tatiane.monteiro.cardoso.23648@example.com,Brasília,Padeiro,54,96380764159
Carlos Dias Dias,carlos.dias.dias.23649@example.com,Brasília,Gerente de operações,64,63570314883
Paulo Oliveira Nascimento,paulo.oliveira.nascimento.23650@example.com,Uberlândia,Assistente administrativo,53,65381616301
Priscila Teixeira Nascimento,priscila.teixeira.nascimento.23651@example.com,Belo Horizonte,Estoquista,20,15319421356
Felipe Rodrigues Rodrigues,felipe.rodrigues.rodrigues.23652@example.com,Recife,Fisioterapeuta,38,37440213363
Felipe Monteiro Freitas,felipe.monteiro.freitas.23653@example.com,Rio de Janeiro,Jornalista,54,11016750773
Camila Fernandes Costa,camila.fernandes.costa.23654@example.com,Florianópolis,Analista financeiro,59,29370074443
Patrícia Oliveira Alves,patricia.oliveira.alves.23655@example.com,Santos,Advogado,32,93490013688
Patrícia Oliveira Carvalho,patricia.oliveira.carvalho.23656@example.com,Porto Alegre,Fisioterapeuta,24,79877684251
Letícia Cardoso Monteiro,leticia.cardoso.monteiro.23657@example.com,Recife,Recepcionista,69,17467530883
Simone Martins Lima,simone.martins.lima.23658@example.com,São Paulo,Supervisor de vendas,64,72641729149
Gustavo Almeida Lima,gustavo.almeida.lima.23659@example.com,Florianópolis,Vendedor,39,69591393552
Eduardo Almeida Rodrigues,eduardo.almeida.rodrigues.23660@example.com,Belo Horizonte,Programador,39,67204706507
José Santos Pereira,jose.santos.pereira.23661@example.com,Salvador,Técnico em informática,40,92939740720
Vitória Teixeira Lima,vitoria.teixeira.lima.23662@example.com,Fortaleza,Advogado,36,82797264248
Thiago Teixeira Santos,thiago.teixeira.santos.23663@example.com,Sorocaba,Gerente de recursos humanos,41,33514079915
Gabriela Nascimento Alves,gabriela.nascimento.alves.23664@example.com,Dourados,Eletricista,52,52964976759
Diego Teixeira Almeida,diego.teixeira.almeida.23665@example.com,Niterói,Pedreiro,34,54453011558
José Rodrigues Moreira,jose.rodrigues.moreira.23666@example.com,Manaus,Coordenador administrativo,29,42139034122
Luana Cardoso Oliveira,luana.cardoso.oliveira.23667@example.com,Vitória,Analista financeiro,37,17857553811
Fernanda Rocha Ribeiro,fernanda.rocha.ribeiro.23668@example.com,Florianópolis,Farmacêutico,33,06036181634
Aline Barros Martins,aline.barros.martins.23669@example.com,Goiânia,Supervisor de manutenção,68,16845828138
Débora Cardoso Barros,debora.cardoso.barros.23670@example.com,Cuiabá,Coordenador de logística,66,80296359442
Gabriela Freitas Costa,gabriela.freitas.costa.23671@example.com,Sorocaba,Gerente financeiro,34,56394283175
Daniela Oliveira Teixeira,daniela.oliveira.teixeira.23672@example.com,Vitória,Supervisor de qualidade,68,24785819849
Sérgio Moreira Pereira,sergio.moreira.pereira.23673@example.com,Campo Grande,Eletricista,29,72421123252
Daniela Santos Moreira,daniela.santos.moreira.23674@example.com,Belém,Chefe de compras,62,04424623720
Amanda Castro Rodrigues,amanda.castro.rodrigues.23675@example.com,Belém,Técnico de enfermagem,62,34410999452
Priscila Nascimento Castro,priscila.nascimento.castro.23676@example.com,Vitória,Analista de dados,18,39837350611
Daniela Carvalho Carvalho,daniela.carvalho.carvalho.23677@example.com,Fortaleza,Operador de caixa,58,59446616729
Mariana Moreira Castro,mariana.moreira.castro.23678@example.com,Vitória,Padeiro,19,70597575502
Thiago Alves Souza,thiago.alves.souza.23679@example.com,Brasília,Pedreiro,59,20866003918
Juliana Costa Rodrigues,juliana.costa.rodrigues.23680@example.com,Florianópolis,Farmacêutico,56,34372506671
Vinícius Pereira Castro,vinicius.pereira.castro.23681@example.com,Rondonópolis,Assistente administrativo,60,91187612228
Henrique Carvalho Rocha,henrique.carvalho.rocha.23682@example.com,Porto Alegre,Corretor de imóveis,18,54530150885
Priscila Dias Teixeira,priscila.dias.teixeira.23683@example.com,Curitiba,Assistente administrativo,55,97288689774
Fernanda Pereira Barbosa,fernanda.pereira.barbosa.23684@example.com,Sorocaba,Advogado,46,69526627114
Bruno Martins Cardoso,bruno.martins.cardoso.23685@example.com,Campo Grande,Supervisor de vendas,38,42581080894
Otávio Carvalho Fernandes,otavio.carvalho.fernandes.23686@example.com,Florianópolis,Eletricista,48,74118392671
Aline Cardoso Gomes,aline.cardoso.gomes.23687@example.com,Caxias do Sul,Gerente financeiro,42,44612128455
Juliana Rodrigues Martins,juliana.rodrigues.martins.23688@example.com,Rondonópolis,Eletricista,47,34585311240
Camila Alves Barros,camila.alves.barros.23689@example.com,Belo Horizonte,Mecânico,54,21220994612
Vitória Moreira Silva,vitoria.moreira.silva.23690@example.com,Vitória,Fisioterapeuta,63,91017005112
Carolina Costa Rocha,carolina.costa.rocha.23691@example.com,Natal,Líder de equipe,47,82808585113
Amanda Carvalho Nascimento,amanda.carvalho.nascimento.23692@example.com,Dourados,Arquiteto,29,23104219633
Sandra Alves Mendes,sandra.alves.mendes.23693@example.com,Joinville,Programador,23,88410336804
Ricardo Santos Rodrigues,ricardo.santos.rodrigues.23694@example.com,Campinas,Vendedor,52,43410736574
Marcelo Castro Monteiro,marcelo.castro.monteiro.23695@example.com,Uberlândia,Padeiro,53,15920721766
Gabriel Nascimento Mendes,gabriel.nascimento.mendes.23696@example.com,Campo Grande,Programador,31,79165394709
Mariana Teixeira Dias,mariana.teixeira.dias.23697@example.com,Porto Alegre,Advogado,67,63351819511
Camila Mendes Pereira,camila.mendes.pereira.23698@example.com,Dourados,Gerente de operações,53,61500402226
Camila Teixeira Rodrigues,camila.teixeira.rodrigues.23699@example.com,Londrina,Professor,69,70342369224
Leonardo Rocha Martins,leonardo.rocha.martins.23700@example.com,Belém,Gerente de tecnologia,38,09260187864
Amanda Souza Oliveira,amanda.souza.oliveira.23701@example.com,Natal,Eletricista,69,25815700405
Camila Nascimento Oliveira,camila.nascimento.oliveira.23702@example.com,Goiânia,Farmacêutico,31,17895964295
Amanda Costa Barros,amanda.costa.barros.23703@example.com,Joinville,Gerente comercial,67,87648627424
Ricardo Souza Castro,ricardo.souza.castro.23704@example.com,Sorocaba,Recepcionista,40,27672036988
Gabriela Silva Rocha,gabriela.silva.rocha.23705@example.com,Goiânia,Auxiliar de produção,44,42014566799
Marcelo Fernandes Alves,marcelo.fernandes.alves.23706@example.com,Goiânia,Técnico de enfermagem,59,00923029990
Henrique Teixeira Rodrigues,henrique.teixeira.rodrigues.23707@example.com,Manaus,Programador,19,17725200401
Bruno Mendes Castro,bruno.mendes.castro.23708@example.com,Vitória,Programador,22,54264054329
Beatriz Araújo Oliveira,beatriz.araujo.oliveira.23709@example.com,São Paulo,Engenheiro civil,63,54323030814
Carolina Mendes Fernandes,carolina.mendes.fernandes.23710@example.com,Rondonópolis,Diretor de operações,40,19054356818
João Santos Fernandes,joao.santos.fernandes.23711@example.com,Curitiba,Auxiliar de produção,49,44263411326
Sandra Nascimento Cardoso,sandra.nascimento.cardoso.23712@example.com,Campo Grande,Cozinheiro,33,53893678315
Carolina Barros Carvalho,carolina.barros.carvalho.23713@example.com,Dourados,Gerente comercial,21,40483515798
Nicolas Barbosa Souza,nicolas.barbosa.souza.23714@example.com,Campo Grande,Gerente comercial,60,21940762739
Carolina Costa Rodrigues,carolina.costa.rodrigues.23715@example.com,Rondonópolis,Chefe de almoxarifado,55,36201920148
Mariana Costa Costa,mariana.costa.costa.23716@example.com,Belo Horizonte,Motorista,31,13607890369
Henrique Rodrigues Silva,henrique.rodrigues.silva.23717@example.com,Rondonópolis,Analista de dados,54,96308269833
Nicolas Alves Araújo,nicolas.alves.araujo.23718@example.com,São Paulo,Gerente de recursos humanos,63,75890399082
Sérgio Silva Silva,sergio.silva.silva.23719@example.com,São Paulo,Programador,46,68843304225
Igor Teixeira Nascimento,igor.teixeira.nascimento.23720@example.com,Florianópolis,Contador,61,63346029791
Sérgio Lima Pereira,sergio.lima.pereira.23721@example.com,Recife,Jornalista,54,25925984477
Ricardo Fernandes Pereira,ricardo.fernandes.pereira.23722@example.com,Belo Horizonte,Assistente administrativo,36,71065815080
Vitória Ribeiro Carvalho,vitoria.ribeiro.carvalho.23723@example.com,São Paulo,Vendedor,57,10918734251
Aline Silva Pereira,aline.silva.pereira.23724@example.com,Sorocaba,Coordenador administrativo,30,96867323000
Débora Martins Nascimento,debora.martins.nascimento.23725@example.com,Salvador,Chefe de compras,19,21179055265
Letícia Gomes Barros,leticia.gomes.barros.23726@example.com,Cuiabá,Eletricista,64,16449944942
Felipe Silva Cardoso,felipe.silva.cardoso.23727@example.com,Londrina,Jornalista,21,78394561224
Simone Costa Oliveira,simone.costa.oliveira.23728@example.com,Rondonópolis,Corretor de imóveis,31,20025372288
Ricardo Nascimento Teixeira,ricardo.nascimento.teixeira.23729@example.com,Dourados,Operador de caixa,25,47428120870
João Pereira Moreira,joao.pereira.moreira.23730@example.com,Manaus,Chefe de almoxarifado,29,99124781508
Larissa Lima Castro,larissa.lima.castro.23731@example.com,Belém,Supervisor de qualidade,66,89519095101
Henrique Rocha Teixeira,henrique.rocha.teixeira.23732@example.com,Rondonópolis,Padeiro,50,18393614785
Amanda Mendes Rocha,amanda.mendes.rocha.23733@example.com,Uberlândia,Técnico em informática,23,83649052066
Beatriz Barros Araújo,beatriz.barros.araujo.23734@example.com,Londrina,Analista de dados,22,15779969856
Carlos Monteiro Nascimento,carlos.monteiro.nascimento.23735@example.com,Dourados,Chefe de almoxarifado,57,21704108397
Bruno Cardoso Rodrigues,bruno.cardoso.rodrigues.23736@example.com,Campo Grande,Motorista,26,92746780867
Igor Nascimento Oliveira,igor.nascimento.oliveira.23737@example.com,Salvador,Eletricista,24,66616327043
Mariana Oliveira Mendes,mariana.oliveira.mendes.23738@example.com,Rio de Janeiro,Líder de equipe,65,11996151462
Débora Martins Barros,debora.martins.barros.23739@example.com,Curitiba,Nutricionista,59,82421375776
Bruno Monteiro Castro,bruno.monteiro.castro.23740@example.com,Campinas,Analista de dados,56,63979535225
Letícia Lima Teixeira,leticia.lima.teixeira.23741@example.com,Fortaleza,Técnico em informática,48,18014327633
Aline Souza Martins,aline.souza.martins.23742@example.com,Vitória,Recepcionista,41,29271749481
Beatriz Fernandes Moreira,beatriz.fernandes.moreira.23743@example.com,Vitória,Técnico de segurança do trabalho,42,84620162912
José Gomes Moreira,jose.gomes.moreira.23744@example.com,Rondonópolis,Eletricista,67,57807396068
Gabriela Barros Alves,gabriela.barros.alves.23745@example.com,Dourados,Corretor de imóveis,46,68137144698
Sérgio Teixeira Monteiro,sergio.teixeira.monteiro.23746@example.com,Sorocaba,Coordenador de produção,41,86629853291
João Silva Fernandes,joao.silva.fernandes.23747@example.com,Uberlândia,Fisioterapeuta,20,63351061519
Renata Carvalho Pereira,renata.carvalho.pereira.23748@example.com,Maringá,Advogado,26,29103870097
Eduardo Ribeiro Costa,eduardo.ribeiro.costa.23749@example.com,Caxias do Sul,Chefe de compras,42,96637908703
Carolina Ribeiro Ribeiro,carolina.ribeiro.ribeiro.23750@example.com,Sorocaba,Professor,47,22992103240
Gabriel Araújo Monteiro,gabriel.araujo.monteiro.23751@example.com,Rondonópolis,Engenheiro civil,27,39805955356
Patrícia Moreira Barbosa,patricia.moreira.barbosa.23752@example.com,Porto Alegre,Supervisor de manutenção,61,57416438950
Sandra Monteiro Barbosa,sandra.monteiro.barbosa.23753@example.com,Uberlândia,Supervisor de vendas,56,15465664965
Débora Pereira Lima,debora.pereira.lima.23754@example.com,Caxias do Sul,Professor,18,42405773238
Mariana Ribeiro Dias,mariana.ribeiro.dias.23755@example.com,Goiânia,Fisioterapeuta,38,64038727085
Camila Almeida Alves,camila.almeida.alves.23756@example.com,Caxias do Sul,Técnico de segurança do trabalho,27,40964363240
Marcelo Costa Silva,marcelo.costa.silva.23757@example.com,Campo Grande,Coordenador de produção,19,93887803311
Aline Barros Barros,aline.barros.barros.23758@example.com,Vitória,Supervisor de manutenção,29,63551190106
Juliana Monteiro Castro,juliana.monteiro.castro.23759@example.com,Cuiabá,Supervisor de qualidade,67,26043478721
Thiago Santos Rocha,thiago.santos.rocha.23760@example.com,Belém,Líder de equipe,56,32588216076
Juliana Castro Oliveira,juliana.castro.oliveira.23761@example.com,Maringá,Mecânico,69,98132815829
Vitória Barros Rocha,vitoria.barros.rocha.23762@example.com,Uberlândia,Fisioterapeuta,67,17437862947
Lucas Castro Almeida,lucas.castro.almeida.23763@example.com,Porto Alegre,Técnico em informática,66,44146192399
Eduardo Lima Gomes,eduardo.lima.gomes.23764@example.com,Porto Alegre,Cozinheiro,19,97952229469
Carolina Costa Cardoso,carolina.costa.cardoso.23765@example.com,Niterói,Auxiliar de produção,56,73036990099
Juliana Martins Cardoso,juliana.martins.cardoso.23766@example.com,Belo Horizonte,Coordenador de marketing,33,24444930066
Patrícia Araújo Cardoso,patricia.araujo.cardoso.23767@example.com,Niterói,Diretor comercial,66,41082224661
Diego Teixeira Nascimento,diego.teixeira.nascimento.23768@example.com,Cuiabá,Motorista,34,43630103382
Larissa Lima Monteiro,larissa.lima.monteiro.23769@example.com,Belo Horizonte,Assistente administrativo,21,79144856284
José Lima Barbosa,jose.lima.barbosa.23770@example.com,Dourados,Auxiliar de produção,54,94730334105
Sérgio Lima Gomes,sergio.lima.gomes.23771@example.com,Cuiabá,Analista de marketing,65,09942615581
Aline Carvalho Costa,aline.carvalho.costa.23772@example.com,Fortaleza,Engenheiro civil,48,61045829142
Rafael Mendes Fernandes,rafael.mendes.fernandes.23773@example.com,Rio de Janeiro,Vendedor,69,16375473207
Ricardo Freitas Araújo,ricardo.freitas.araujo.23774@example.com,Vitória,Auxiliar de produção,29,19361810784
Gabriel Fernandes Cardoso,gabriel.fernandes.cardoso.23775@example.com,Curitiba,Coordenador administrativo,20,74941828452
Diego Araújo Barbosa,diego.araujo.barbosa.23776@example.com,Londrina,Supervisor de qualidade,33,09979814183
Pedro Martins Pereira,pedro.martins.pereira.23777@example.com,Vitória,Diretor comercial,23,60969379146
Letícia Silva Rocha,leticia.silva.rocha.23778@example.com,Manaus,Vendedor,35,88524823604
Patrícia Oliveira Oliveira,patricia.oliveira.oliveira.23779@example.com,Curitiba,Analista de recursos humanos,52,48835747938
Mariana Costa Cardoso,mariana.costa.cardoso.23780@example.com,Brasília,Atendente,66,01819282709
Juliana Alves Freitas,juliana.alves.freitas.23781@example.com,Brasília,Jornalista,38,73930094697
Priscila Barbosa Rodrigues,priscila.barbosa.rodrigues.23782@example.com,Dourados,Recepcionista,68,34047943337
Lucas Moreira Barbosa,lucas.moreira.barbosa.23783@example.com,Vitória,Supervisor de manutenção,38,49822969345
Tatiane Barros Dias,tatiane.barros.dias.23784@example.com,Campinas,Supervisor de qualidade,56,61210707688
Diego Nascimento Moreira,diego.nascimento.moreira.23785@example.com,Vitória,Estoquista,47,25798622792
Felipe Ribeiro Silva,felipe.ribeiro.silva.23786@example.com,Goiânia,Analista de marketing,20,37344057539
Nicolas Costa Souza,nicolas.costa.souza.23787@example.com,Cuiabá,Gerente financeiro,32,05841199047
Carolina Fernandes Barros,carolina.fernandes.barros.23788@example.com,Natal,Supervisor de qualidade,31,34950828436
Gustavo Martins Barros,gustavo.martins.barros.23789@example.com,Belo Horizonte,Coordenador de marketing,60,83123834134
Carolina Silva Fernandes,carolina.silva.fernandes.23790@example.com,Goiânia,Pedreiro,53,55539365333
Leonardo Carvalho Carvalho,leonardo.carvalho.carvalho.23791@example.com,São Paulo,Engenheiro civil,67,26807664329
Ricardo Freitas Costa,ricardo.freitas.costa.23792@example.com,Niterói,Analista de dados,46,50839645375
Priscila Castro Monteiro,priscila.castro.monteiro.23793@example.com,Recife,Técnico de enfermagem,69,82114018817
Larissa Monteiro Mendes,larissa.monteiro.mendes.23794@example.com,Rio de Janeiro,Analista de marketing,36,56187422339
José Nascimento Gomes,jose.nascimento.gomes.23795@example.com,Salvador,Cozinheiro,68,59705809073
Rafael Cardoso Freitas,rafael.cardoso.freitas.23796@example.com,Rio de Janeiro,Coordenador de produção,52,28308046582
Vinícius Freitas Souza,vinicius.freitas.souza.23797@example.com,Belém,Nutricionista,49,00730620702
Ana Castro Santos,ana.castro.santos.23798@example.com,Campo Grande,Supervisor de vendas,59,12889585896
Luana Freitas Barbosa,luana.freitas.barbosa.23799@example.com,Porto Alegre,Chefe de departamento pessoal,61,26998130567
Mariana Monteiro Ribeiro,mariana.monteiro.ribeiro.23800@example.com,Salvador,Fisioterapeuta,68,60946528814
Paulo Lima Oliveira,paulo.lima.oliveira.23801@example.com,Santos,Gerente de recursos humanos,58,06199113099
Otávio Monteiro Araújo,otavio.monteiro.araujo.23802@example.com,Dourados,Gerente de recursos humanos,25,89111512735
Lucas Rocha Pereira,lucas.rocha.pereira.23803@example.com,Londrina,Programador,34,30242587333
Daniela Nascimento Cardoso,daniela.nascimento.cardoso.23804@example.com,Recife,Arquiteto,65,18881858641
Mariana Oliveira Nascimento,mariana.oliveira.nascimento.23805@example.com,Belo Horizonte,Técnico de enfermagem,23,51495110159
Sérgio Souza Ribeiro,sergio.souza.ribeiro.23806@example.com,Fortaleza,Mecânico,36,42406012095
Sandra Rodrigues Araújo,sandra.rodrigues.araujo.23807@example.com,Dourados,Pedreiro,65,57209384244
Rafael Rodrigues Barros,rafael.rodrigues.barros.23808@example.com,Santos,Operador de caixa,52,14203651767
Patrícia Rocha Cardoso,patricia.rocha.cardoso.23809@example.com,Rio de Janeiro,Coordenador de marketing,63,79867992505
Paulo Rodrigues Lima,paulo.rodrigues.lima.23810@example.com,Maringá,Técnico em informática,70,45774049936
Pedro Rocha Mendes,pedro.rocha.mendes.23811@example.com,Curitiba,Professor,65,42899264993
Larissa Lima Monteiro,larissa.lima.monteiro.23812@example.com,Fortaleza,Mecânico,66,76524124646
Mariana Santos Fernandes,mariana.santos.fernandes.23813@example.com,Niterói,Técnico de enfermagem,57,59105805015
Juliana Costa Almeida,juliana.costa.almeida.23814@example.com,Curitiba,Coordenador de produção,63,00202800180
Gabriel Martins Lima,gabriel.martins.lima.23815@example.com,Londrina,Designer gráfico,70,35313672985
Gabriel Oliveira Teixeira,gabriel.oliveira.teixeira.23816@example.com,Natal,Analista de dados,51,15773197345
Mariana Santos Gomes,mariana.santos.gomes.23817@example.com,Manaus,Assistente comercial,51,17913507816
Juliana Carvalho Almeida,juliana.carvalho.almeida.23818@example.com,Salvador,Cozinheiro,43,15137576197
Camila Rocha Fernandes,camila.rocha.fernandes.23819@example.com,Salvador,Chefe de departamento pessoal,31,37203760985
Renata Pereira Lima,renata.pereira.lima.23820@example.com,Joinville,Arquiteto,52,66635867260
Amanda Almeida Nascimento,amanda.almeida.nascimento.23821@example.com,Recife,Analista de recursos humanos,62,14587548253
Vanessa Souza Monteiro,vanessa.souza.monteiro.23822@example.com,Vitória,Gerente de operações,45,93580122122
Tatiane Almeida Barros,tatiane.almeida.barros.23823@example.com,Joinville,Padeiro,46,11176999646
Eduardo Lima Nascimento,eduardo.lima.nascimento.23824@example.com,Curitiba,Técnico em informática,28,18522763192
Tatiane Moreira Carvalho,tatiane.moreira.carvalho.23825@example.com,Curitiba,Diretor de operações,45,85936568308
Letícia Pereira Nascimento,leticia.pereira.nascimento.23826@example.com,Dourados,Advogado,61,00868985527
Vitória Rocha Barros,vitoria.rocha.barros.23827@example.com,Recife,Assistente administrativo,28,74599449475
Vanessa Rocha Moreira,vanessa.rocha.moreira.23828@example.com,Londrina,Vendedor,44,63084279908
Beatriz Araújo Teixeira,beatriz.araujo.teixeira.23829@example.com,Sorocaba,Advogado,40,26585052362
Marcelo Souza Ribeiro,marcelo.souza.ribeiro.23830@example.com,Rondonópolis,Gerente comercial,42,60704105372
Sérgio Barbosa Freitas,sergio.barbosa.freitas.23831@example.com,Goiânia,Chefe de departamento pessoal,23,91683963439
Vitória Pereira Teixeira,vitoria.pereira.teixeira.23832@example.com,Fortaleza,Supervisor de manutenção,51,79739086964
Vinícius Rocha Oliveira,vinicius.rocha.oliveira.23833@example.com,Salvador,Comprador,56,25546143520
Gabriel Oliveira Dias,gabriel.oliveira.dias.23834@example.com,Porto Alegre,Chefe de departamento pessoal,38,29174525265
Gabriel Barbosa Castro,gabriel.barbosa.castro.23835@example.com,Fortaleza,Corretor de imóveis,62,80629114096
Renata Gomes Barros,renata.gomes.barros.23836@example.com,Natal,Líder de equipe,59,72737824332
Igor Martins Nascimento,igor.martins.nascimento.23837@example.com,Fortaleza,Coordenador de marketing,31,58864848934
Thiago Monteiro Teixeira,thiago.monteiro.teixeira.23838@example.com,Niterói,Programador,36,37382259810
Carolina Almeida Silva,carolina.almeida.silva.23839@example.com,Manaus,Nutricionista,35,01203592334
João Almeida Rocha,joao.almeida.rocha.23840@example.com,Porto Alegre,Vendedor,54,18170850399
Vinícius Nascimento Araújo,vinicius.nascimento.araujo.23841@example.com,São Paulo,Designer gráfico,26,36302859295
Letícia Alves Oliveira,leticia.alves.oliveira.23842@example.com,Porto Alegre,Motorista,31,78363641397
Carolina Castro Almeida,carolina.castro.almeida.23843@example.com,Campo Grande,Diretor comercial,58,68161430468
Renata Fernandes Barros,renata.fernandes.barros.23844@example.com,Campinas,Recepcionista,67,44578331707
Priscila Barros Costa,priscila.barros.costa.23845@example.com,Uberlândia,Técnico de enfermagem,67,83235604287
Sandra Souza Almeida,sandra.souza.almeida.23846@example.com,Sorocaba,Diretor comercial,44,34302047848
Leonardo Fernandes Fernandes,leonardo.fernandes.fernandes.23847@example.com,Santos,Advogado,45,97037457664
Vanessa Pereira Souza,vanessa.pereira.souza.23848@example.com,Rondonópolis,Cozinheiro,27,57752988183
José Teixeira Ribeiro,jose.teixeira.ribeiro.23849@example.com,Sorocaba,Cozinheiro,32,76227183895
Vitória Oliveira Cardoso,vitoria.oliveira.cardoso.23850@example.com,Fortaleza,Estoquista,30,18414241453
Marcelo Monteiro Freitas,marcelo.monteiro.freitas.23851@example.com,Fortaleza,Chefe de almoxarifado,50,22862243517
Carolina Santos Mendes,carolina.santos.mendes.23852@example.com,Joinville,Técnico de segurança do trabalho,36,69818403930
Eduardo Fernandes Freitas,eduardo.fernandes.freitas.23853@example.com,Santos,Diretor comercial,46,82533240561
Aline Castro Souza,aline.castro.souza.23854@example.com,Cuiabá,Assistente administrativo,37,34158242534
Juliana Martins Santos,juliana.martins.santos.23855@example.com,Sorocaba,Analista de recursos humanos,57,98636789591
Larissa Lima Araújo,larissa.lima.araujo.23856@example.com,Natal,Auxiliar de produção,31,92294329590
Letícia Monteiro Oliveira,leticia.monteiro.oliveira.23857@example.com,Brasília,Mecânico,36,85427542381
Thiago Silva Cardoso,thiago.silva.cardoso.23858@example.com,Fortaleza,Coordenador de marketing,26,81913219030
Gustavo Mendes Teixeira,gustavo.mendes.teixeira.23859@example.com,Belém,Líder de equipe,67,04621870013
Bruno Ribeiro Costa,bruno.ribeiro.costa.23860@example.com,Goiânia,Fisioterapeuta,40,85069213154
Sandra Ribeiro Freitas,sandra.ribeiro.freitas.23861@example.com,Caxias do Sul,Arquiteto,29,72524550387
Nicolas Santos Cardoso,nicolas.santos.cardoso.23862@example.com,Niterói,Supervisor de qualidade,41,62102808426
Carlos Lima Oliveira,carlos.lima.oliveira.23863@example.com,Caxias do Sul,Motorista,45,26742480271
Paulo Moreira Barbosa,paulo.moreira.barbosa.23864@example.com,Natal,Técnico de enfermagem,33,78090287850
Luana Fernandes Castro,luana.fernandes.castro.23865@example.com,Campo Grande,Gerente comercial,28,75290646585
Renata Costa Silva,renata.costa.silva.23866@example.com,Goiânia,Engenheiro civil,18,00297096863
Letícia Pereira Santos,leticia.pereira.santos.23867@example.com,Belo Horizonte,Programador,44,45236103078
Luana Araújo Costa,luana.araujo.costa.23868@example.com,Dourados,Coordenador administrativo,22,65176313029
Felipe Ribeiro Pereira,felipe.ribeiro.pereira.23869@example.com,Campinas,Professor,51,44574260819
Lucas Ribeiro Monteiro,lucas.ribeiro.monteiro.23870@example.com,Manaus,Farmacêutico,29,64129341629
Pedro Moreira Costa,pedro.moreira.costa.23871@example.com,Florianópolis,Eletricista,39,78962792281
Vanessa Fernandes Almeida,vanessa.fernandes.almeida.23872@example.com,Goiânia,Enfermeiro,47,40986292059
Fernanda Dias Teixeira,fernanda.dias.teixeira.23873@example.com,Santos,Cozinheiro,38,32355043606
Priscila Alves Cardoso,priscila.alves.cardoso.23874@example.com,Niterói,Supervisor de atendimento,24,58316560464
Aline Freitas Ribeiro,aline.freitas.ribeiro.23875@example.com,Cuiabá,Recepcionista,21,47992550536
Gabriel Santos Castro,gabriel.santos.castro.23876@example.com,Santos,Assistente comercial,22,89684687053
Fernanda Oliveira Costa,fernanda.oliveira.costa.23877@example.com,Niterói,Técnico de segurança do trabalho,60,36174768710
Henrique Souza Martins,henrique.souza.martins.23878@example.com,Florianópolis,Advogado,53,12699285289
Letícia Oliveira Ribeiro,leticia.oliveira.ribeiro.23879@example.com,Belo Horizonte,Técnico de enfermagem,55,44847145531
Thiago Ribeiro Pereira,thiago.ribeiro.pereira.23880@example.com,Maringá,Líder de equipe,29,52972858053
Sérgio Carvalho Barbosa,sergio.carvalho.barbosa.23881@example.com,Goiânia,Advogado,36,67098204001
Daniela Dias Almeida,daniela.dias.almeida.23882@example.com,Florianópolis,Chefe de departamento pessoal,70,72503679027
Pedro Souza Alves,pedro.souza.alves.23883@example.com,Maringá,Assistente comercial,22,54219508226
Carlos Rodrigues Almeida,carlos.rodrigues.almeida.23884@example.com,Dourados,Gerente financeiro,68,35151047190
Luana Oliveira Mendes,luana.oliveira.mendes.23885@example.com,Sorocaba,Chefe de almoxarifado,21,54770595829
Vinícius Costa Dias,vinicius.costa.dias.23886@example.com,Campinas,Nutricionista,64,76742288265
Daniela Souza Carvalho,daniela.souza.carvalho.23887@example.com,Campinas,Vendedor,40,50990521307
Paulo Cardoso Cardoso,paulo.cardoso.cardoso.23888@example.com,Rondonópolis,Diretor comercial,70,91743192031
Felipe Carvalho Rodrigues,felipe.carvalho.rodrigues.23889@example.com,Brasília,Supervisor de atendimento,65,03390817680
Pedro Castro Souza,pedro.castro.souza.23890@example.com,Goiânia,Coordenador de produção,40,01548104253
Camila Alves Ribeiro,camila.alves.ribeiro.23891@example.com,Vitória,Diretor comercial,63,35216610547
Marcelo Gomes Fernandes,marcelo.gomes.fernandes.23892@example.com,Rondonópolis,Técnico em informática,32,82603674203
Ricardo Araújo Fernandes,ricardo.araujo.fernandes.23893@example.com,Londrina,Motorista,38,66956583154
Felipe Nascimento Barros,felipe.nascimento.barros.23894@example.com,Londrina,Diretor de operações,43,91479510239
Rafael Castro Monteiro,rafael.castro.monteiro.23895@example.com,Salvador,Gerente de recursos humanos,25,10025813016
Simone Santos Barros,simone.santos.barros.23896@example.com,Campinas,Encarregado de produção,66,94702243659
Patrícia Rodrigues Martins,patricia.rodrigues.martins.23897@example.com,Fortaleza,Nutricionista,35,46133726398
Paulo Gomes Santos,paulo.gomes.santos.23898@example.com,Natal,Cozinheiro,22,84607864162
Otávio Mendes Fernandes,otavio.mendes.fernandes.23899@example.com,Rio de Janeiro,Supervisor de vendas,32,36706107709
Leonardo Rodrigues Gomes,leonardo.rodrigues.gomes.23900@example.com,Fortaleza,Corretor de imóveis,27,02572975240
Sérgio Martins Silva,sergio.martins.silva.23901@example.com,Caxias do Sul,Advogado,26,15008123909
Ana Freitas Costa,ana.freitas.costa.23902@example.com,Uberlândia,Assistente administrativo,24,94128819257
Fernanda Araújo Dias,fernanda.araujo.dias.23903@example.com,Dourados,Professor,24,79437356075
Vitória Castro Cardoso,vitoria.castro.cardoso.23904@example.com,Vitória,Técnico de segurança do trabalho,19,20291881553
Beatriz Freitas Silva,beatriz.freitas.silva.23905@example.com,Uberlândia,Supervisor de manutenção,64,39234890465
Ricardo Silva Souza,ricardo.silva.souza.23906@example.com,Salvador,Supervisor de atendimento,26,43569476188
Vinícius Moreira Rocha,vinicius.moreira.rocha.23907@example.com,Rondonópolis,Enfermeiro,50,87084892937
Tatiane Monteiro Rocha,tatiane.monteiro.rocha.23908@example.com,Caxias do Sul,Jornalista,21,35020480185
Sandra Moreira Oliveira,sandra.moreira.oliveira.23909@example.com,Fortaleza,Analista de marketing,46,49777600831
Gustavo Martins Teixeira,gustavo.martins.teixeira.23910@example.com,Maringá,Professor,37,80508523289
Pedro Carvalho Carvalho,pedro.carvalho.carvalho.23911@example.com,Uberlândia,Gerente de recursos humanos,19,59697578398
Pedro Souza Monteiro,pedro.souza.monteiro.23912@example.com,Curitiba,Auxiliar de produção,63,93877779936
Bruno Mendes Teixeira,bruno.mendes.teixeira.23913@example.com,São Paulo,Assistente comercial,64,66521807411
Carlos Ribeiro Souza,carlos.ribeiro.souza.23914@example.com,Fortaleza,Analista de dados,25,92780557379
Thiago Rodrigues Almeida,thiago.rodrigues.almeida.23915@example.com,Santos,Cozinheiro,26,33944734620
Renata Araújo Cardoso,renata.araujo.cardoso.23916@example.com,Rio de Janeiro,Técnico de enfermagem,58,18363182878
Paulo Lima Almeida,paulo.lima.almeida.23917@example.com,Rondonópolis,Jornalista,42,55723271478
Gabriel Cardoso Costa,gabriel.cardoso.costa.23918@example.com,Rio de Janeiro,Técnico de segurança do trabalho,47,29482294728
Aline Cardoso Mendes,aline.cardoso.mendes.23919@example.com,Campo Grande,Supervisor de qualidade,32,23780009850
Letícia Almeida Lima,leticia.almeida.lima.23920@example.com,Uberlândia,Supervisor de manutenção,32,57511298146
Débora Castro Mendes,debora.castro.mendes.23921@example.com,São Paulo,Vendedor,19,68891939212
Otávio Alves Souza,otavio.alves.souza.23922@example.com,Curitiba,Corretor de imóveis,23,62340657124
Henrique Almeida Nascimento,henrique.almeida.nascimento.23923@example.com,Rio de Janeiro,Supervisor de manutenção,28,89978774905
Luana Cardoso Santos,luana.cardoso.santos.23924@example.com,Niterói,Contador,24,34762165247
Amanda Teixeira Teixeira,amanda.teixeira.teixeira.23925@example.com,Campo Grande,Coordenador de produção,35,15985258142
Tatiane Rocha Alves,tatiane.rocha.alves.23926@example.com,Niterói,Contador,30,28037264549
Priscila Alves Dias,priscila.alves.dias.23927@example.com,Uberlândia,Vendedor,53,63158280916
Gabriela Souza Souza,gabriela.souza.souza.23928@example.com,Brasília,Nutricionista,54,24652143769
Larissa Nascimento Almeida,larissa.nascimento.almeida.23929@example.com,Florianópolis,Auxiliar de produção,35,83675640231
Carlos Barros Almeida,carlos.barros.almeida.23930@example.com,Campo Grande,Assistente comercial,23,80906126383
Ricardo Oliveira Rocha,ricardo.oliveira.rocha.23931@example.com,Joinville,Técnico de enfermagem,58,43860567527
Fernanda Teixeira Barbosa,fernanda.teixeira.barbosa.23932@example.com,Vitória,Professor,68,72557807627
Marcelo Dias Pereira,marcelo.dias.pereira.23933@example.com,Maringá,Gerente de operações,60,90072518373
Lucas Santos Rocha,lucas.santos.rocha.23934@example.com,Cuiabá,Farmacêutico,55,47418217441
Bruno Moreira Ribeiro,bruno.moreira.ribeiro.23935@example.com,Vitória,Coordenador administrativo,68,95793276423
Luana Dias Oliveira,luana.dias.oliveira.23936@example.com,Rio de Janeiro,Supervisor de qualidade,27,44774515397
Daniela Gomes Mendes,daniela.gomes.mendes.23937@example.com,Curitiba,Analista de recursos humanos,41,70870131738
Ricardo Nascimento Oliveira,ricardo.nascimento.oliveira.23938@example.com,Maringá,Comprador,49,39843105594
Diego Freitas Araújo,diego.freitas.araujo.23939@example.com,Brasília,Jornalista,48,23076951130
Gabriel Monteiro Moreira,gabriel.monteiro.moreira.23940@example.com,Salvador,Vendedor,52,22248658654
Paulo Oliveira Araújo,paulo.oliveira.araujo.23941@example.com,São Paulo,Chefe de departamento pessoal,61,26431174240
Débora Silva Silva,debora.silva.silva.23942@example.com,Manaus,Diretor de operações,38,90382373139
Daniela Alves Lima,daniela.alves.lima.23943@example.com,Campinas,Chefe de almoxarifado,48,62655082550
Gabriel Fernandes Costa,gabriel.fernandes.costa.23944@example.com,Belém,Diretor de operações,65,11634114623
Beatriz Moreira Pereira,beatriz.moreira.pereira.23945@example.com,Campo Grande,Gerente de operações,27,16408595490
Amanda Nascimento Mendes,amanda.nascimento.mendes.23946@example.com,Fortaleza,Comprador,60,69241423774
Carolina Souza Almeida,carolina.souza.almeida.23947@example.com,Campinas,Supervisor de vendas,42,81989185345
Vinícius Castro Fernandes,vinicius.castro.fernandes.23948@example.com,Curitiba,Supervisor de atendimento,28,01426420548
Paulo Barros Pereira,paulo.barros.pereira.23949@example.com,Londrina,Gerente financeiro,65,05652054513
Sérgio Gomes Costa,sergio.gomes.costa.23950@example.com,Dourados,Coordenador de produção,50,33864765763
Otávio Silva Lima,otavio.silva.lima.23951@example.com,Curitiba,Técnico de segurança do trabalho,52,62576202451
Priscila Araújo Gomes,priscila.araujo.gomes.23952@example.com,Joinville,Chefe de almoxarifado,65,34439064091
Otávio Moreira Monteiro,otavio.moreira.monteiro.23953@example.com,Campinas,Assistente comercial,49,84396027049
Larissa Souza Silva,larissa.souza.silva.23954@example.com,Brasília,Contador,32,28755692728
Priscila Nascimento Alves,priscila.nascimento.alves.23955@example.com,Porto Alegre,Analista de recursos humanos,51,95751892595
Carolina Freitas Rocha,carolina.freitas.rocha.23956@example.com,São Paulo,Supervisor de qualidade,64,30136339251
Marcelo Pereira Monteiro,marcelo.pereira.monteiro.23957@example.com,Campo Grande,Supervisor de manutenção,66,26551629193
José Lima Barbosa,jose.lima.barbosa.23958@example.com,Joinville,Arquiteto,63,96538108709
José Almeida Souza,jose.almeida.souza.23959@example.com,Rio de Janeiro,Fisioterapeuta,45,00108950686
Mariana Cardoso Martins,mariana.cardoso.martins.23960@example.com,Fortaleza,Coordenador de marketing,33,63541266678
Daniela Pereira Freitas,daniela.pereira.freitas.23961@example.com,Londrina,Eletricista,38,15741966664
Eduardo Martins Silva,eduardo.martins.silva.23962@example.com,Londrina,Analista de dados,53,79267524103
Fernanda Castro Rodrigues,fernanda.castro.rodrigues.23963@example.com,Curitiba,Auxiliar de produção,31,39085142836
Beatriz Moreira Barros,beatriz.moreira.barros.23964@example.com,Rondonópolis,Supervisor de vendas,46,03133136898
Juliana Martins Pereira,juliana.martins.pereira.23965@example.com,Uberlândia,Técnico em informática,52,29402128119
Amanda Rocha Costa,amanda.rocha.costa.23966@example.com,Goiânia,Operador de caixa,30,91131348083
Larissa Costa Santos,larissa.costa.santos.23967@example.com,Maringá,Designer gráfico,43,02575832134
Carolina Ribeiro Souza,carolina.ribeiro.souza.23968@example.com,Maringá,Arquiteto,41,95255196474
Gabriela Freitas Freitas,gabriela.freitas.freitas.23969@example.com,Joinville,Gerente de operações,65,85206858576
Camila Barros Dias,camila.barros.dias.23970@example.com,Goiânia,Jornalista,48,70141808633
Diego Pereira Lima,diego.pereira.lima.23971@example.com,Fortaleza,Engenheiro civil,43,32911041762
Vitória Dias Moreira,vitoria.dias.moreira.23972@example.com,Curitiba,Analista de marketing,70,79938468043
Simone Cardoso Gomes,simone.cardoso.gomes.23973@example.com,Maringá,Supervisor de manutenção,56,14340183791
Ana Almeida Teixeira,ana.almeida.teixeira.23974@example.com,Sorocaba,Supervisor de qualidade,55,26041253814
Sérgio Almeida Pereira,sergio.almeida.pereira.23975@example.com,Porto Alegre,Gerente financeiro,41,70316108638
Otávio Nascimento Dias,otavio.nascimento.dias.23976@example.com,Cuiabá,Diretor de operações,25,92527545381
Carlos Ribeiro Almeida,carlos.ribeiro.almeida.23977@example.com,Londrina,Arquiteto,29,51256223775
Patrícia Alves Barbosa,patricia.alves.barbosa.23978@example.com,Manaus,Gerente de tecnologia,40,29261400680
Gabriel Lima Rodrigues,gabriel.lima.rodrigues.23979@example.com,Joinville,Chefe de almoxarifado,46,92530986487
Gabriel Carvalho Almeida,gabriel.carvalho.almeida.23980@example.com,Campo Grande,Assistente comercial,51,36367174511
Igor Fernandes Souza,igor.fernandes.souza.23981@example.com,Porto Alegre,Técnico em informática,29,56948018635
Vitória Ribeiro Martins,vitoria.ribeiro.martins.23982@example.com,Campinas,Comprador,54,89930730560
Henrique Ribeiro Moreira,henrique.ribeiro.moreira.23983@example.com,Joinville,Coordenador de produção,19,49747994116
Amanda Monteiro Silva,amanda.monteiro.silva.23984@example.com,Maringá,Corretor de imóveis,37,26355528278
Simone Santos Almeida,simone.santos.almeida.23985@example.com,Cuiabá,Diretor de operações,45,88849797657
Pedro Almeida Carvalho,pedro.almeida.carvalho.23986@example.com,Campo Grande,Assistente comercial,36,22175609804
Mariana Silva Araújo,mariana.silva.araujo.23987@example.com,Uberlândia,Assistente administrativo,23,32547797241
Gustavo Barbosa Freitas,gustavo.barbosa.freitas.23988@example.com,Manaus,Técnico de segurança do trabalho,23,54792126818
José Pereira Barbosa,jose.pereira.barbosa.23989@example.com,Londrina,Supervisor de qualidade,63,70158001415
Gabriela Cardoso Barros,gabriela.cardoso.barros.23990@example.com,Belém,Chefe de departamento pessoal,62,85238558793
Patrícia Santos Barros,patricia.santos.barros.23991@example.com,Belo Horizonte,Técnico de segurança do trabalho,66,22452662046
Tatiane Mendes Carvalho,tatiane.mendes.carvalho.23992@example.com,Caxias do Sul,Programador,40,37064953860
Gabriel Rodrigues Almeida,gabriel.rodrigues.almeida.23993@example.com,Londrina,Coordenador de marketing,31,43591289177
Simone Ribeiro Freitas,simone.ribeiro.freitas.23994@example.com,Campinas,Recepcionista,50,36357439786
Eduardo Teixeira Almeida,eduardo.teixeira.almeida.23995@example.com,Campinas,Gerente comercial,36,52905640196
Leonardo Barbosa Ribeiro,leonardo.barbosa.ribeiro.23996@example.com,Niterói,Gerente comercial,41,22131947022
Felipe Barros Costa,felipe.barros.costa.23997@example.com,Recife,Motorista,28,68600412674
Larissa Nascimento Costa,larissa.nascimento.costa.23998@example.com,Rio de Janeiro,Assistente administrativo,26,66885409416
Carolina Souza Cardoso,carolina.souza.cardoso.23999@example.com,Fortaleza,Arquiteto,22,51684168602
Mariana Nascimento Mendes,mariana.nascimento.mendes.24000@example.com,Vitória,Comprador,43,08863668033
